0 0.314583 0.860648 0.164583 0.143519
0 0.207552 0.756944 0.064062 0.197222
0 0.167708 0.790741 0.054167 0.105556
0 0.123958 0.798148 0.045833 0.101852
0 0.186458 0.838889 0.100000 0.120370
0 0.077604 0.635185 0.052083 0.118519
0 0.061719 0.523148 0.043229 0.157407
0 0.089583 0.403704 0.109375 0.088889
0 0.257552 0.373148 0.079687 0.233333
0 0.273438 0.197685 0.158333 0.086111
0 0.413281 0.172222 0.143229 0.094444
0 0.430729 0.110185 0.154167 0.061111
0 0.540104 0.097222 0.148958 0.094444
0 0.665365 0.099074 0.132812 0.122222
0 0.855990 0.165278 0.083854 0.139815
0 0.910677 0.360185 0.054688 0.159259
0 0.923438 0.473611 0.053125 0.126852
0 0.855208 0.539815 0.107292 0.155556
0 0.913281 0.621296 0.042188 0.161111
0 0.892448 0.637500 0.040104 0.169444
0 0.851562 0.667130 0.064583 0.169444
0 0.746094 0.668056 0.166146 0.234259
0 0.605208 0.855556 0.175000 0.122222
0 0.764844 0.362500 0.064062 0.226852
0 0.704688 0.352315 0.081250 0.237963
0 0.585156 0.257870 0.184896 0.123148
0 0.591146 0.385648 0.177083 0.143519
0 0.347396 0.644907 0.090625 0.243519