0 0.246875 0.486111 0.162500 0.092593
0 0.414844 0.626852 0.201563 0.122222
0 0.472917 0.869444 0.207292 0.098148
0 0.295833 0.871759 0.127083 0.082407
0 0.195573 0.837500 0.095312 0.076852
0 0.304167 0.796759 0.123958 0.134259
0 0.160417 0.742130 0.098958 0.136111
0 0.112760 0.823148 0.078646 0.072222
0 0.071615 0.725463 0.078646 0.137963
0 0.063542 0.586111 0.035417 0.150000
0 0.060417 0.462037 0.037500 0.150000
0 0.216927 0.178704 0.118229 0.127778
0 0.403646 0.263889 0.141667 0.155556
0 0.539062 0.269907 0.151042 0.139815
0 0.685417 0.308333 0.172917 0.146296
0 0.575521 0.125000 0.072917 0.150000
0 0.504167 0.181944 0.171875 0.095370
0 0.457552 0.099074 0.147396 0.087037
0 0.377083 0.148148 0.092708 0.153704
0 0.784896 0.512500 0.135417 0.169444
0 0.823438 0.671296 0.120833 0.183333
0 0.863021 0.620370 0.087500 0.190741
0 0.892708 0.528241 0.070833 0.171296
0 0.921875 0.636111 0.038542 0.144444
0 0.934115 0.509259 0.041146 0.181481
0 0.895052 0.364352 0.060937 0.160185
0 0.814323 0.251389 0.109896 0.075000
0 0.860156 0.148611 0.064062 0.102778