0 0.061979 0.319444 0.054167 0.116667
0 0.076563 0.730556 0.027083 0.144444
0 0.091406 0.719444 0.031771 0.137037
0 0.113281 0.782870 0.040104 0.097222
0 0.179688 0.775000 0.078125 0.062963
0 0.143750 0.810648 0.050000 0.041667
0 0.159896 0.852778 0.069792 0.033333
0 0.210938 0.822685 0.082292 0.056481
0 0.246875 0.871759 0.095833 0.069444
0 0.390885 0.866204 0.140104 0.117593
0 0.527865 0.868056 0.182812 0.132407
0 0.917708 0.528704 0.048958 0.188889
0 0.481510 0.098611 0.126562 0.099074
0 0.533854 0.110648 0.114583 0.117593
0 0.652083 0.071296 0.112500 0.053704
0 0.734375 0.135185 0.047917 0.157407
0 0.669010 0.140278 0.109896 0.097222
0 0.657031 0.176852 0.109896 0.116667
0 0.752865 0.095370 0.028646 0.081481
0 0.786198 0.090278 0.036979 0.039815
0 0.835938 0.112963 0.054167 0.059259
0 0.776042 0.170833 0.029167 0.117593
0 0.807292 0.176389 0.034375 0.139815
0 0.830469 0.176389 0.027604 0.099074
0 0.852083 0.202315 0.027083 0.100926
0 0.876302 0.244907 0.032813 0.175000
0 0.904687 0.282407 0.028125 0.137037
0 0.926823 0.408333 0.054688 0.127778