0 0.419010 0.870833 0.130729 0.100926
0 0.448698 0.773148 0.116146 0.216667
0 0.608073 0.855093 0.167187 0.132407
0 0.838802 0.662037 0.074479 0.183333
0 0.881510 0.628241 0.061979 0.182407
0 0.926302 0.617130 0.045312 0.169444
0 0.929688 0.456944 0.034375 0.147222
0 0.866406 0.201852 0.080729 0.153704
0 0.678906 0.090278 0.114062 0.080556
0 0.694010 0.400926 0.091146 0.283333
0 0.740104 0.493519 0.140625 0.146296
0 0.584375 0.398611 0.092708 0.243519
0 0.623177 0.608796 0.108854 0.223148
0 0.545573 0.093519 0.148438 0.094444
0 0.417708 0.118981 0.120833 0.106481
0 0.353125 0.167593 0.140625 0.124074
0 0.248438 0.222222 0.104167 0.175926
0 0.345573 0.349537 0.139063 0.197222
0 0.407292 0.489352 0.175000 0.165741
0 0.302344 0.854630 0.141146 0.131481
0 0.207552 0.690278 0.115104 0.102778
0 0.186458 0.775926 0.088542 0.081481
0 0.209375 0.792593 0.107292 0.129630
0 0.197656 0.863426 0.091146 0.078704
0 0.127604 0.805556 0.053125 0.081481
0 0.067448 0.664815 0.067187 0.090741
0 0.076823 0.482407 0.046354 0.155556
0 0.057552 0.504167 0.041146 0.167593