0 0.768750 0.530093 0.138542 0.195370
0 0.869271 0.643056 0.106250 0.121296
0 0.697656 0.648611 0.164062 0.102778
0 0.705729 0.736574 0.167708 0.123148
0 0.595052 0.854630 0.180729 0.155556
0 0.390885 0.782870 0.143229 0.193519
0 0.423177 0.858796 0.153646 0.150926
0 0.245312 0.836111 0.123958 0.129630
0 0.590104 0.476852 0.139583 0.277778
0 0.704948 0.264815 0.166146 0.161111
0 0.640885 0.330556 0.106771 0.207407
0 0.822917 0.135648 0.068750 0.160185
0 0.873698 0.189815 0.057813 0.125926
0 0.905208 0.324537 0.054167 0.167593
0 0.869271 0.303241 0.055208 0.213889
0 0.580990 0.100000 0.161979 0.120370
0 0.413281 0.104167 0.153646 0.052778
0 0.410938 0.157407 0.203125 0.103704
0 0.379948 0.275926 0.165104 0.127778
0 0.400000 0.316204 0.158333 0.117593
0 0.354427 0.459259 0.184896 0.187037
0 0.222135 0.468981 0.093229 0.136111
0 0.373437 0.542130 0.178125 0.110185
0 0.203125 0.308796 0.123958 0.136111
0 0.091667 0.421759 0.065625 0.202778
0 0.061198 0.423611 0.046354 0.171296
0 0.066406 0.560648 0.043229 0.169444
0 0.241927 0.173611 0.081771 0.076852