0 0.125000 0.230556 0.084375 0.088889
0 0.300260 0.180556 0.134896 0.101852
0 0.441927 0.104167 0.147396 0.106481
0 0.428906 0.270833 0.096354 0.204630
0 0.508854 0.381019 0.147917 0.180556
0 0.578125 0.119444 0.132292 0.118519
0 0.711458 0.100463 0.116667 0.117593
0 0.669531 0.368519 0.079687 0.196296
0 0.751563 0.350463 0.116667 0.104630
0 0.771094 0.466204 0.097396 0.154630
0 0.808594 0.389815 0.070312 0.153704
0 0.828906 0.332407 0.090104 0.192593
0 0.863802 0.219444 0.060937 0.146296
0 0.880729 0.213889 0.059375 0.164815
0 0.871094 0.555556 0.090104 0.066667
0 0.855990 0.609259 0.097396 0.085185
0 0.825260 0.674074 0.117188 0.111111
0 0.685156 0.731944 0.179688 0.160185
0 0.603646 0.850926 0.170833 0.111111
0 0.536458 0.831944 0.171875 0.158333
0 0.393750 0.836111 0.164583 0.125926
0 0.238802 0.840278 0.099479 0.097222
0 0.129688 0.812037 0.075000 0.077778
0 0.153125 0.735648 0.084375 0.176852
0 0.185156 0.578241 0.047396 0.184259
0 0.073698 0.638889 0.048438 0.142593
0 0.063542 0.438426 0.042708 0.143519
0 0.184115 0.382870 0.085938 0.128704