0 0.068490 0.295833 0.065104 0.110185
0 0.139063 0.295370 0.076042 0.138889
0 0.135417 0.350000 0.064583 0.146296
0 0.187500 0.361574 0.101042 0.165741
0 0.257812 0.196296 0.091667 0.107407
0 0.380208 0.112037 0.088542 0.074074
0 0.491667 0.093981 0.140625 0.108333
0 0.460677 0.322222 0.120313 0.238889
0 0.555469 0.298611 0.102604 0.186111
0 0.740885 0.275463 0.129688 0.091667
0 0.726823 0.176852 0.120313 0.118519
0 0.772656 0.137037 0.052604 0.114815
0 0.825521 0.092593 0.079167 0.088889
0 0.828125 0.159722 0.055208 0.147222
0 0.817187 0.280556 0.096875 0.094444
0 0.888802 0.347222 0.109896 0.127778
0 0.891927 0.271296 0.057813 0.131481
0 0.921875 0.280093 0.045833 0.119444
0 0.841927 0.407407 0.095312 0.107407
0 0.769010 0.541667 0.085938 0.220370
0 0.828646 0.468519 0.122917 0.077778
0 0.892708 0.523611 0.096875 0.152778
0 0.804167 0.674074 0.129167 0.157407
0 0.872917 0.647685 0.108333 0.139815
0 0.301563 0.870833 0.126042 0.078704
0 0.197917 0.843519 0.096875 0.085185
0 0.127344 0.815741 0.064062 0.081481
0 0.182292 0.604630 0.136458 0.085185