0 0.597135 0.872685 0.189062 0.171296
0 0.542969 0.777315 0.147396 0.256481
0 0.404427 0.872685 0.149479 0.097222
0 0.466406 0.742593 0.082812 0.225926
0 0.386979 0.721759 0.102083 0.221296
0 0.277344 0.756481 0.150521 0.112963
0 0.283073 0.815278 0.142187 0.112037
0 0.254688 0.844907 0.132292 0.150926
0 0.738542 0.691204 0.172917 0.210185
0 0.719010 0.626389 0.156771 0.108333
0 0.853385 0.660185 0.078646 0.183333
0 0.904948 0.618519 0.060937 0.148148
0 0.922917 0.527778 0.060417 0.135185
0 0.933073 0.495370 0.063021 0.142593
0 0.926823 0.349537 0.061979 0.145370
0 0.881510 0.159259 0.057813 0.144444
0 0.807031 0.153704 0.110937 0.096296
0 0.455208 0.094907 0.152083 0.110185
0 0.304948 0.196759 0.148438 0.108333
0 0.271354 0.288889 0.142708 0.153704
0 0.199219 0.235185 0.054688 0.153704
0 0.246354 0.401852 0.126042 0.151852
0 0.316406 0.543519 0.144271 0.229630
0 0.232813 0.551852 0.052083 0.187037
0 0.047917 0.483796 0.066667 0.169444
0 0.080729 0.737500 0.052083 0.173148
0 0.115104 0.701852 0.056250 0.118519
0 0.131771 0.763426 0.052083 0.106481