0 0.590365 0.861574 0.247396 0.126852
0 0.575000 0.762963 0.189583 0.185185
0 0.654687 0.703241 0.138542 0.143519
0 0.674740 0.549537 0.147396 0.258333
0 0.780990 0.690278 0.072396 0.236111
0 0.763542 0.508333 0.107292 0.250000
0 0.833854 0.598611 0.068750 0.269444
0 0.865365 0.654630 0.045312 0.177778
0 0.900260 0.619444 0.055729 0.209259
0 0.872135 0.160185 0.092188 0.125926
0 0.615365 0.091204 0.130729 0.082407
0 0.420833 0.125926 0.125000 0.100000
0 0.484375 0.215278 0.173958 0.176852
0 0.483594 0.355556 0.246354 0.174074
0 0.337760 0.329630 0.056771 0.083333
0 0.255208 0.218519 0.080208 0.077778
0 0.189323 0.209722 0.065104 0.102778
0 0.326042 0.458796 0.121875 0.115741
0 0.496875 0.576389 0.202083 0.110185
0 0.273177 0.739352 0.146354 0.099074
0 0.283854 0.878241 0.139583 0.080556
0 0.425260 0.873611 0.145313 0.106481
0 0.237760 0.510185 0.128646 0.183333
0 0.134896 0.539352 0.089583 0.167593
0 0.048698 0.581019 0.058854 0.143519
0 0.095312 0.690278 0.065625 0.145370
0 0.132292 0.763426 0.070833 0.071296
0 0.076563 0.774074 0.069792 0.131481