0 0.067627 0.323242 0.047363 0.150391
0 0.059570 0.481771 0.045898 0.177083
0 0.086182 0.524089 0.063965 0.082031
0 0.103271 0.620117 0.076660 0.069661
0 0.073975 0.639323 0.055176 0.145833
0 0.109619 0.801432 0.068848 0.108073
0 0.178711 0.823893 0.096680 0.099609
0 0.350342 0.847005 0.184082 0.096354
0 0.514160 0.844727 0.154297 0.134766
0 0.420166 0.531576 0.171387 0.193359
0 0.663330 0.413086 0.176270 0.123047
0 0.680420 0.284180 0.068848 0.186849
0 0.776611 0.533854 0.082520 0.212240
0 0.613037 0.867188 0.158691 0.118490
0 0.870361 0.585938 0.087402 0.075521
0 0.867188 0.647135 0.111328 0.093750
0 0.786377 0.155599 0.092285 0.082031
0 0.729492 0.125326 0.122070 0.111328
0 0.665527 0.097656 0.108398 0.083333
0 0.552246 0.083659 0.134766 0.072266
0 0.436523 0.126302 0.121094 0.147135
0 0.399658 0.102865 0.087402 0.063802
0 0.386230 0.185547 0.106445 0.131510
0 0.334717 0.212565 0.112793 0.110026
0 0.288086 0.271484 0.142578 0.160156
0 0.218262 0.276693 0.102539 0.111979
0 0.191895 0.336589 0.083008 0.093750
0 0.214355 0.399414 0.142578 0.080078