0 0.055469 0.652778 0.063021 0.146296
0 0.083854 0.734722 0.030208 0.121296
0 0.113802 0.828241 0.059896 0.119444
0 0.161979 0.809722 0.032292 0.065741
0 0.228646 0.652315 0.105208 0.210185
0 0.199740 0.772685 0.113021 0.073148
0 0.216667 0.814352 0.077083 0.067593
0 0.217708 0.868981 0.101042 0.062037
0 0.330990 0.879630 0.145313 0.090741
0 0.467708 0.850463 0.156250 0.156481
0 0.662240 0.781481 0.084896 0.198148
0 0.904687 0.580093 0.072917 0.154630
0 0.921875 0.416204 0.051042 0.165741
0 0.662240 0.473148 0.097396 0.229630
0 0.891146 0.275926 0.076042 0.125926
0 0.886198 0.229630 0.068229 0.098148
0 0.866146 0.148611 0.064583 0.121296
0 0.651823 0.212500 0.116146 0.110185
0 0.635677 0.159259 0.116146 0.081481
0 0.613542 0.126389 0.128125 0.069444
0 0.566667 0.094907 0.134375 0.078704
0 0.621094 0.063889 0.147396 0.051852
0 0.500000 0.072685 0.122917 0.058333
0 0.463542 0.115741 0.084375 0.083333
0 0.542708 0.185648 0.128125 0.156481
0 0.367448 0.164352 0.144271 0.160185
0 0.287760 0.188889 0.058854 0.101852
0 0.400260 0.259722 0.140104 0.150926