0 0.818229 0.653241 0.148958 0.137963
0 0.878125 0.633333 0.064583 0.192593
0 0.923958 0.563889 0.036458 0.150000
0 0.855208 0.306944 0.067708 0.210185
0 0.860417 0.178241 0.090625 0.158333
0 0.892188 0.314352 0.052083 0.173148
0 0.626042 0.282870 0.136458 0.141667
0 0.641667 0.436111 0.154167 0.181481
0 0.570573 0.458796 0.180729 0.175000
0 0.409896 0.381019 0.180208 0.149074
0 0.416667 0.298148 0.160417 0.122222
0 0.540625 0.250926 0.083333 0.240741
0 0.439583 0.122685 0.136458 0.173148
0 0.583854 0.084259 0.162500 0.092593
0 0.379948 0.119907 0.092188 0.084259
0 0.371354 0.206481 0.173958 0.120370
0 0.203646 0.314352 0.120833 0.141667
0 0.108854 0.291204 0.084375 0.108333
0 0.081250 0.268519 0.070833 0.090741
0 0.072135 0.422222 0.060937 0.164815
0 0.082292 0.483796 0.048958 0.173148
0 0.061979 0.558333 0.040625 0.161111
0 0.248438 0.839352 0.121875 0.132407
0 0.384896 0.793056 0.151042 0.232407
0 0.432031 0.857870 0.147396 0.149074
0 0.595573 0.842130 0.181771 0.162037
0 0.253646 0.195833 0.111458 0.102778
0 0.379167 0.284259 0.157292 0.114815