0 0.601302 0.801389 0.078646 0.199074
0 0.503385 0.879167 0.177604 0.137963
0 0.351562 0.888889 0.139583 0.094444
0 0.254688 0.869907 0.089583 0.102778
0 0.181510 0.825000 0.094271 0.096296
0 0.118229 0.817130 0.054167 0.069444
0 0.095833 0.781019 0.090625 0.102778
0 0.076302 0.712037 0.041146 0.098148
0 0.079687 0.581944 0.047917 0.162037
0 0.057031 0.554167 0.028646 0.141667
0 0.083073 0.442130 0.082812 0.075000
0 0.258594 0.619444 0.077604 0.248148
0 0.229167 0.269907 0.150000 0.167593
0 0.208073 0.177778 0.125521 0.098148
0 0.328646 0.145833 0.121875 0.136111
0 0.559375 0.063889 0.144792 0.101852
0 0.780729 0.133796 0.104167 0.150926
0 0.823177 0.132407 0.098437 0.181481
0 0.890365 0.185185 0.044271 0.124074
0 0.883594 0.294444 0.050521 0.125926
0 0.917969 0.323148 0.032813 0.148148
0 0.910937 0.437963 0.069792 0.177778
0 0.917969 0.586574 0.061979 0.139815
0 0.853125 0.642130 0.081250 0.139815
0 0.836458 0.546759 0.118750 0.134259
0 0.763802 0.696759 0.161979 0.202778
0 0.737760 0.474074 0.109896 0.185185
0 0.697396 0.359722 0.172917 0.106481