0 0.097917 0.810648 0.078125 0.160185
0 0.151823 0.323611 0.096354 0.139815
0 0.151562 0.222685 0.089583 0.078704
0 0.366146 0.169444 0.080208 0.181481
0 0.583073 0.650463 0.128646 0.262037
0 0.661979 0.777778 0.159375 0.129630
0 0.603906 0.428241 0.109896 0.219444
0 0.765625 0.607870 0.098958 0.202778
0 0.864323 0.638889 0.078646 0.120370
0 0.926042 0.590741 0.050000 0.129630
0 0.955469 0.502315 0.026562 0.113889
0 0.866146 0.596759 0.104167 0.152778
0 0.935677 0.447222 0.050521 0.164815
0 0.901563 0.256944 0.053125 0.112037
0 0.898698 0.325000 0.074479 0.133333
0 0.828906 0.237963 0.096354 0.059259
0 0.814844 0.164352 0.071354 0.080556
0 0.771354 0.118981 0.067708 0.125000
0 0.733073 0.148148 0.095312 0.155556
0 0.622656 0.120370 0.118229 0.150000
0 0.740625 0.265741 0.117708 0.090741
0 0.758333 0.331019 0.097917 0.102778
0 0.811458 0.381019 0.086458 0.178704
0 0.835417 0.445370 0.069792 0.216667
0 0.875781 0.394907 0.028646 0.119444
0 0.914062 0.419444 0.047917 0.146296
0 0.886198 0.464815 0.058854 0.105556
0 0.885156 0.508333 0.096354 0.098148