0 0.094271 0.283796 0.055208 0.143519
0 0.214583 0.209722 0.112500 0.147222
0 0.128385 0.375926 0.078646 0.187037
0 0.063281 0.472685 0.039062 0.143519
0 0.064323 0.596759 0.040104 0.139815
0 0.064062 0.694907 0.060417 0.152778
0 0.121354 0.798148 0.081250 0.111111
0 0.218750 0.812500 0.072917 0.134259
0 0.321615 0.645833 0.094271 0.237963
0 0.287240 0.862963 0.115104 0.096296
0 0.420833 0.867130 0.171875 0.121296
0 0.597396 0.793981 0.127083 0.215741
0 0.650000 0.783796 0.102083 0.206481
0 0.721875 0.717130 0.092708 0.223148
0 0.581250 0.629167 0.147917 0.223148
0 0.852865 0.645833 0.083854 0.199074
0 0.919010 0.618981 0.042188 0.163889
0 0.872135 0.555093 0.069271 0.152778
0 0.940104 0.501389 0.045833 0.130556
0 0.884375 0.451852 0.095833 0.079630
0 0.901042 0.239352 0.088542 0.154630
0 0.597135 0.085648 0.132812 0.084259
0 0.676823 0.250463 0.113021 0.204630
0 0.609896 0.325000 0.132292 0.183333
0 0.555990 0.434259 0.143229 0.159259
0 0.585677 0.504630 0.158854 0.179630
0 0.308854 0.258333 0.080208 0.175926
0 0.453906 0.116667 0.159896 0.090741