0 0.240723 0.847005 0.113281 0.119792
0 0.095947 0.703125 0.068848 0.093750
0 0.067139 0.503906 0.048340 0.127604
0 0.072998 0.362305 0.059082 0.150391
0 0.094482 0.424805 0.065918 0.064453
0 0.145020 0.364909 0.095703 0.129557
0 0.147949 0.309245 0.095703 0.118490
0 0.115234 0.323242 0.060547 0.142578
0 0.228760 0.173503 0.083496 0.070964
0 0.190430 0.221029 0.090820 0.056641
0 0.292236 0.221354 0.121582 0.166667
0 0.410645 0.154297 0.150391 0.104167
0 0.449707 0.102214 0.175781 0.082031
0 0.618652 0.073242 0.135742 0.069661
0 0.746338 0.112630 0.119629 0.114583
0 0.717285 0.669922 0.167969 0.140625
0 0.647949 0.455078 0.197266 0.174479
0 0.499512 0.305339 0.150391 0.212240
0 0.577148 0.253906 0.089844 0.222656
0 0.659180 0.258789 0.090820 0.227214
0 0.711670 0.310547 0.084473 0.196615
0 0.805908 0.500326 0.133301 0.085286
0 0.794678 0.412435 0.054199 0.097005
0 0.831055 0.572917 0.052734 0.122396
0 0.874756 0.646159 0.092285 0.091797
0 0.907715 0.573568 0.065430 0.054688
0 0.909180 0.461263 0.045898 0.163411
0 0.940186 0.501628 0.029785 0.155599