0 0.054443 0.482422 0.026855 0.147135
0 0.070557 0.481120 0.026855 0.154948
0 0.102295 0.465169 0.061035 0.179036
0 0.160156 0.338216 0.088867 0.126953
0 0.142090 0.435872 0.083008 0.171224
0 0.164062 0.494466 0.088867 0.219401
0 0.076904 0.747396 0.035645 0.140625
0 0.127686 0.798503 0.071777 0.107422
0 0.228027 0.829753 0.100586 0.111328
0 0.331787 0.860352 0.121582 0.111328
0 0.463379 0.860352 0.185547 0.121745
0 0.678467 0.743490 0.124512 0.183594
0 0.906982 0.571615 0.075684 0.067708
0 0.900879 0.476562 0.085938 0.140625
0 0.911865 0.428711 0.071777 0.154297
0 0.902100 0.329102 0.085449 0.149089
0 0.801025 0.558268 0.122559 0.150391
0 0.749512 0.545898 0.137695 0.160807
0 0.777588 0.399414 0.113770 0.231120
0 0.807861 0.364258 0.080566 0.179036
0 0.646484 0.456380 0.206055 0.148438
0 0.643311 0.380208 0.176270 0.128906
0 0.675781 0.277669 0.155273 0.115234
0 0.803711 0.236003 0.108398 0.098307
0 0.796875 0.128255 0.116211 0.122396
0 0.435059 0.451172 0.186523 0.191406
0 0.629395 0.165365 0.090820 0.188802
0 0.543213 0.084310 0.139160 0.093099