0 0.105957 0.799479 0.061523 0.111979
0 0.125244 0.783203 0.078613 0.075521
0 0.179443 0.818685 0.094238 0.110026
0 0.372314 0.848958 0.151855 0.111979
0 0.511719 0.839518 0.164062 0.149089
0 0.611816 0.861654 0.166016 0.117839
0 0.765869 0.669271 0.111816 0.220052
0 0.851318 0.642253 0.068848 0.159505
0 0.890869 0.587891 0.057129 0.066406
0 0.810547 0.507161 0.096680 0.165365
0 0.848389 0.127279 0.095215 0.091797
0 0.788086 0.159831 0.090820 0.150391
0 0.729736 0.271484 0.142090 0.106771
0 0.666992 0.101888 0.114258 0.086589
0 0.547363 0.076497 0.132812 0.094401
0 0.417725 0.106445 0.136230 0.093099
0 0.385742 0.171549 0.114258 0.099609
0 0.336426 0.198893 0.133789 0.078776
0 0.285156 0.275391 0.145508 0.154948
0 0.195068 0.212565 0.064941 0.085286
0 0.167480 0.311849 0.091797 0.095052
0 0.103271 0.307292 0.062988 0.138021
0 0.093994 0.456706 0.062988 0.102214
0 0.062988 0.484701 0.042969 0.182943
0 0.092529 0.558919 0.069824 0.093099
0 0.146240 0.558268 0.064941 0.166016
0 0.104736 0.628906 0.082520 0.062500
0 0.070801 0.635091 0.067383 0.145182