0 0.070312 0.677734 0.041016 0.125000
0 0.059082 0.555339 0.040039 0.158854
0 0.053955 0.352865 0.082520 0.161458
0 0.058594 0.397786 0.036133 0.093750
0 0.079834 0.434245 0.054199 0.123698
0 0.101074 0.442708 0.067383 0.127604
0 0.122070 0.336263 0.064453 0.089193
0 0.128906 0.275391 0.097656 0.098958
0 0.158203 0.474284 0.074219 0.176432
0 0.198730 0.472005 0.093750 0.139323
0 0.143066 0.821615 0.064453 0.065104
0 0.224854 0.835938 0.093262 0.093750
0 0.332764 0.855143 0.133301 0.121745
0 0.480713 0.867513 0.164551 0.107422
0 0.636230 0.565104 0.187500 0.135417
0 0.757324 0.620443 0.147461 0.196615
0 0.776611 0.685547 0.153809 0.152344
0 0.888184 0.615885 0.079102 0.121094
0 0.906494 0.441081 0.078613 0.199870
0 0.909424 0.351888 0.068848 0.146484
0 0.668945 0.444336 0.182617 0.119141
0 0.611572 0.316406 0.154785 0.165365
0 0.682617 0.196615 0.135742 0.147135
0 0.754395 0.160482 0.093750 0.125651
0 0.741211 0.353841 0.079102 0.210286
0 0.798340 0.426758 0.071289 0.207682
0 0.317139 0.180013 0.146973 0.093099
0 0.785645 0.281576 0.061523 0.163411