0 0.059375 0.556019 0.031250 0.165741
0 0.068229 0.365278 0.058333 0.100926
0 0.090104 0.267593 0.076042 0.074074
0 0.142448 0.446296 0.083854 0.222222
0 0.262500 0.387037 0.180208 0.107407
0 0.316667 0.195833 0.095833 0.202778
0 0.364323 0.140278 0.055729 0.125000
0 0.457813 0.287037 0.067708 0.238889
0 0.493229 0.068519 0.133333 0.098148
0 0.581510 0.099537 0.050521 0.143519
0 0.827083 0.115741 0.077083 0.059259
0 0.866927 0.175463 0.103646 0.082407
0 0.903906 0.312500 0.045312 0.126852
0 0.749740 0.302315 0.092188 0.184259
0 0.731771 0.533796 0.081250 0.195370
0 0.723958 0.415741 0.089583 0.101852
0 0.921615 0.456019 0.054688 0.176852
0 0.911979 0.618981 0.052083 0.173148
0 0.828646 0.667130 0.155208 0.162037
0 0.552604 0.686574 0.120833 0.267593
0 0.466927 0.621759 0.115104 0.245370
0 0.588281 0.807870 0.167187 0.180556
0 0.451302 0.852778 0.128646 0.122222
0 0.426302 0.789815 0.139063 0.157407
0 0.313281 0.873611 0.131771 0.089815
0 0.153125 0.818519 0.079167 0.153704
0 0.111458 0.791667 0.058333 0.085185
0 0.079687 0.730093 0.054167 0.080556