0 0.254688 0.187500 0.093750 0.075000
0 0.063021 0.320833 0.050000 0.136111
0 0.058073 0.510648 0.020313 0.137963
0 0.176042 0.372222 0.089583 0.127778
0 0.141146 0.483333 0.095833 0.094444
0 0.449740 0.094444 0.133854 0.061111
0 0.635417 0.070833 0.117708 0.084259
0 0.787500 0.128704 0.103125 0.059259
0 0.796094 0.183333 0.101562 0.064815
0 0.806250 0.281481 0.068750 0.159259
0 0.727344 0.256944 0.081771 0.197222
0 0.696875 0.353704 0.098958 0.240741
0 0.589323 0.459722 0.165104 0.095370
0 0.869010 0.404167 0.046354 0.169444
0 0.826042 0.440278 0.068750 0.208333
0 0.900260 0.425000 0.042188 0.183333
0 0.935677 0.443981 0.032813 0.113889
0 0.917969 0.539815 0.044271 0.064815
0 0.870833 0.587963 0.058333 0.188889
0 0.805729 0.617593 0.103125 0.161111
0 0.777865 0.456481 0.065104 0.214815
0 0.708073 0.595833 0.145313 0.137963
0 0.716927 0.708333 0.094271 0.098148
0 0.470052 0.853241 0.148438 0.171296
0 0.351562 0.852778 0.137500 0.131481
0 0.275260 0.896759 0.134896 0.078704
0 0.171094 0.790741 0.089063 0.083333
0 0.095312 0.801852 0.069792 0.057407