0 0.055990 0.477315 0.033854 0.169444
0 0.080208 0.481944 0.048958 0.160185
0 0.206250 0.686111 0.121875 0.101852
0 0.129688 0.821296 0.050000 0.066667
0 0.176823 0.758333 0.097396 0.092593
0 0.212240 0.787963 0.110937 0.125926
0 0.195312 0.861574 0.085417 0.082407
0 0.311719 0.875463 0.160938 0.115741
0 0.444271 0.771759 0.088542 0.236111
0 0.607031 0.852315 0.163021 0.136111
0 0.825781 0.586574 0.074479 0.171296
0 0.866406 0.660185 0.071354 0.168519
0 0.915365 0.621296 0.043229 0.161111
0 0.929427 0.508796 0.036979 0.067593
0 0.914062 0.441667 0.070833 0.120370
0 0.902604 0.312037 0.058333 0.150000
0 0.858073 0.180093 0.089063 0.126852
0 0.659375 0.571759 0.188542 0.186111
0 0.690625 0.394907 0.110417 0.271296
0 0.572396 0.411111 0.123958 0.246296
0 0.563802 0.159259 0.093229 0.148148
0 0.536198 0.086111 0.152604 0.098148
0 0.405729 0.487500 0.182292 0.165741
0 0.278125 0.513426 0.140625 0.162037
0 0.344792 0.351389 0.130208 0.189815
0 0.255469 0.226852 0.118229 0.179630
0 0.359115 0.167593 0.150521 0.112963
0 0.409635 0.126389 0.130729 0.102778