0 0.666406 0.797685 0.106771 0.175000
0 0.620313 0.630093 0.187500 0.167593
0 0.755469 0.569907 0.125521 0.165741
0 0.847656 0.671296 0.076563 0.148148
0 0.904427 0.597685 0.044271 0.145370
0 0.914062 0.415278 0.060417 0.147222
0 0.550260 0.072685 0.166146 0.123148
0 0.604167 0.364352 0.106250 0.258333
0 0.493490 0.577315 0.142187 0.234259
0 0.445312 0.435185 0.129167 0.170370
0 0.390885 0.508796 0.151562 0.197222
0 0.316667 0.362037 0.122917 0.148148
0 0.351562 0.223611 0.119792 0.197222
0 0.339583 0.170370 0.115625 0.177778
0 0.229687 0.208333 0.119792 0.096296
0 0.261979 0.271296 0.072917 0.183333
0 0.207031 0.488426 0.102604 0.241667
0 0.156510 0.351389 0.091146 0.193519
0 0.139844 0.515278 0.064062 0.137963
0 0.117188 0.529167 0.071875 0.141667
0 0.071875 0.499074 0.065625 0.122222
0 0.068229 0.579630 0.051042 0.125926
0 0.060156 0.602778 0.038021 0.124074
0 0.106771 0.793981 0.057292 0.112037
0 0.176563 0.838889 0.090625 0.092593
0 0.300781 0.851852 0.124479 0.133333
0 0.392708 0.792130 0.141667 0.171296
0 0.437240 0.873611 0.181771 0.110185