0 0.368408 0.866211 0.146973 0.070964
0 0.537109 0.856120 0.191406 0.110677
0 0.550049 0.768880 0.168457 0.104167
0 0.499023 0.700521 0.172852 0.140625
0 0.653564 0.798503 0.067871 0.156901
0 0.743164 0.702474 0.125000 0.136719
0 0.664551 0.626953 0.071289 0.233073
0 0.889404 0.634766 0.121582 0.122396
0 0.920898 0.377930 0.071289 0.136068
0 0.788574 0.354167 0.086914 0.108073
0 0.713867 0.347005 0.094727 0.179688
0 0.840088 0.124674 0.055176 0.068359
0 0.780273 0.119466 0.054688 0.089193
0 0.710205 0.112956 0.080566 0.098307
0 0.635254 0.083659 0.133789 0.077474
0 0.162109 0.841471 0.089844 0.077474
0 0.065430 0.670898 0.063477 0.150391
0 0.061768 0.581055 0.060059 0.042318
0 0.057861 0.524414 0.068848 0.098307
0 0.369873 0.545573 0.108887 0.186198
0 0.059814 0.424805 0.060059 0.119141
0 0.057861 0.320312 0.044434 0.109375
0 0.135742 0.256836 0.049805 0.142578
0 0.198730 0.181315 0.075195 0.067057
0 0.288086 0.190104 0.125000 0.080729
0 0.246094 0.276042 0.097656 0.160156
0 0.206055 0.245768 0.059570 0.086589
0 0.167969 0.293294 0.039062 0.138672