0 0.702393 0.445312 0.156738 0.203125
0 0.267090 0.224284 0.118164 0.142578
0 0.063721 0.549805 0.046387 0.189453
0 0.086914 0.437500 0.035156 0.144531
0 0.131592 0.349284 0.075684 0.094401
0 0.111816 0.480143 0.080078 0.142578
0 0.124023 0.390951 0.067383 0.067057
0 0.152588 0.839518 0.077637 0.077474
0 0.074707 0.790039 0.080078 0.149089
0 0.335205 0.253581 0.166504 0.158203
0 0.689697 0.232096 0.110840 0.167318
0 0.917725 0.391602 0.045410 0.108724
0 0.927979 0.493164 0.068848 0.125651
0 0.446777 0.138346 0.096680 0.152995
0 0.186768 0.191081 0.100098 0.076172
0 0.433350 0.304688 0.150879 0.204427
0 0.501953 0.071615 0.151367 0.106771
0 0.590820 0.732096 0.177734 0.116536
0 0.355469 0.867839 0.163086 0.114583
0 0.238770 0.848307 0.115234 0.122396
0 0.278809 0.774089 0.079102 0.162760
0 0.561279 0.687826 0.167480 0.108724
0 0.472900 0.361328 0.174316 0.194010
0 0.536865 0.865885 0.187988 0.096354
0 0.559326 0.388021 0.161621 0.122396
0 0.548340 0.811849 0.176758 0.074219
0 0.809082 0.586263 0.146484 0.085286
0 0.669922 0.787109 0.084961 0.170573