0 0.177246 0.846029 0.089844 0.081380
0 0.115479 0.803711 0.050293 0.085286
0 0.079590 0.737630 0.049805 0.158854
0 0.108398 0.766276 0.045898 0.062500
0 0.098633 0.705078 0.051758 0.123698
0 0.078613 0.609049 0.038086 0.094401
0 0.059326 0.591146 0.031738 0.138021
0 0.096436 0.377279 0.079590 0.098307
0 0.310791 0.446940 0.142090 0.117839
0 0.113525 0.282552 0.078613 0.138021
0 0.206543 0.193685 0.124023 0.125651
0 0.330566 0.296875 0.152344 0.096354
0 0.503174 0.282552 0.176270 0.115885
0 0.385254 0.110677 0.127930 0.125000
0 0.604004 0.436849 0.164062 0.156250
0 0.642334 0.121745 0.148926 0.123698
0 0.689453 0.089844 0.156250 0.091146
0 0.758789 0.582031 0.117188 0.164062
0 0.789551 0.116862 0.089844 0.107422
0 0.863037 0.166341 0.048340 0.128255
0 0.888916 0.243815 0.053223 0.133464
0 0.895996 0.506836 0.107422 0.072266
0 0.925781 0.532552 0.051758 0.084635
0 0.852295 0.645508 0.094238 0.190755
0 0.589844 0.840495 0.097656 0.221354
0 0.666748 0.840495 0.103027 0.238281
0 0.438477 0.897461 0.197266 0.134766
0 0.337891 0.851237 0.152344 0.145182