0 0.309814 0.183919 0.132324 0.090495
0 0.448730 0.176107 0.147461 0.128255
0 0.239014 0.307292 0.106934 0.152344
0 0.569824 0.082682 0.146484 0.075521
0 0.729004 0.114258 0.141602 0.117839
0 0.810791 0.089844 0.055176 0.128906
0 0.110107 0.298177 0.062012 0.152344
0 0.053467 0.266602 0.068848 0.069661
0 0.064697 0.374674 0.059082 0.147786
0 0.064209 0.547526 0.044434 0.175781
0 0.138184 0.554688 0.060547 0.184896
0 0.114502 0.611328 0.070801 0.164062
0 0.081787 0.732096 0.045410 0.143880
0 0.119385 0.824219 0.097168 0.080729
0 0.232910 0.834635 0.125977 0.123698
0 0.364502 0.881836 0.155762 0.085286
0 0.433105 0.821289 0.111328 0.171224
0 0.497559 0.701497 0.170898 0.120443
0 0.357666 0.723958 0.112793 0.160156
0 0.403809 0.569336 0.202148 0.167318
0 0.633545 0.791016 0.163574 0.127604
0 0.598389 0.873698 0.180176 0.095052
0 0.749512 0.650065 0.131836 0.198568
0 0.854736 0.661133 0.096191 0.173828
0 0.927490 0.539062 0.057129 0.115885
0 0.915527 0.387044 0.099609 0.104818
0 0.829346 0.236003 0.102051 0.121745
0 0.890625 0.209310 0.078125 0.172526