0 0.410889 0.456706 0.170410 0.151693
0 0.597412 0.832031 0.175293 0.144531
0 0.751221 0.713867 0.145020 0.119141
0 0.925537 0.504232 0.051270 0.164714
0 0.292480 0.857747 0.151367 0.102214
0 0.282227 0.799479 0.153320 0.089844
0 0.289551 0.741211 0.127930 0.097005
0 0.259766 0.694336 0.124023 0.083984
0 0.250732 0.597656 0.126465 0.119792
0 0.248047 0.509766 0.155273 0.147135
0 0.195312 0.459635 0.108398 0.145833
0 0.212402 0.328125 0.110352 0.084635
0 0.200439 0.282552 0.103027 0.087240
0 0.286377 0.262370 0.061035 0.203125
0 0.368652 0.217773 0.138672 0.154297
0 0.420898 0.134115 0.148438 0.079427
0 0.608643 0.111654 0.081543 0.186849
0 0.661377 0.134766 0.076660 0.154948
0 0.741455 0.111979 0.100098 0.080729
0 0.467529 0.853516 0.148926 0.132812
0 0.179199 0.843099 0.089844 0.108073
0 0.117920 0.809896 0.054199 0.075521
0 0.103516 0.761393 0.059570 0.091797
0 0.080566 0.712891 0.047852 0.118490
0 0.066650 0.636719 0.066895 0.065104
0 0.049805 0.502279 0.056641 0.147786
0 0.782715 0.154297 0.076172 0.091146
0 0.816895 0.127279 0.060547 0.077474