0 0.376042 0.136574 0.092708 0.147222
0 0.315885 0.203704 0.109896 0.151852
0 0.229427 0.456019 0.118229 0.215741
0 0.270313 0.289815 0.090625 0.107407
0 0.211198 0.302315 0.079687 0.112037
0 0.230729 0.193056 0.087500 0.112037
0 0.059375 0.550000 0.032292 0.150000
0 0.089323 0.789352 0.070312 0.160185
0 0.134115 0.802778 0.036979 0.085185
0 0.196875 0.867593 0.087500 0.083333
0 0.241927 0.847222 0.114062 0.246296
0 0.306250 0.738426 0.180208 0.123148
0 0.440625 0.829167 0.176042 0.089815
0 0.461979 0.898148 0.159375 0.062963
0 0.492969 0.668981 0.114062 0.250926
0 0.563281 0.702778 0.103646 0.268519
0 0.636458 0.683333 0.075000 0.259259
0 0.739844 0.674537 0.190104 0.112037
0 0.598958 0.850000 0.178125 0.120370
0 0.615104 0.436574 0.190625 0.093519
0 0.804167 0.455093 0.120833 0.132407
0 0.749219 0.475463 0.097396 0.226852
0 0.727083 0.518056 0.095833 0.208333
0 0.871354 0.191667 0.110417 0.107407
0 0.905469 0.320370 0.042188 0.159259
0 0.903125 0.511111 0.058333 0.140741
0 0.918490 0.456944 0.061979 0.173148
0 0.070052 0.665278 0.040104 0.108333