0 0.059635 0.548148 0.028646 0.131481
0 0.073698 0.581481 0.035937 0.146296
0 0.152083 0.458333 0.092708 0.098148
0 0.176302 0.310185 0.073438 0.105556
0 0.144792 0.399537 0.081250 0.086111
0 0.077604 0.742130 0.040625 0.149074
0 0.116927 0.818981 0.058854 0.075000
0 0.195052 0.838426 0.105729 0.102778
0 0.494010 0.065278 0.118229 0.102778
0 0.411979 0.112963 0.089583 0.098148
0 0.336719 0.137037 0.077604 0.125926
0 0.346354 0.245833 0.118750 0.197222
0 0.262240 0.185648 0.100521 0.099074
0 0.197917 0.177315 0.101042 0.100926
0 0.860677 0.184722 0.077604 0.143519
0 0.902604 0.306944 0.044792 0.126852
0 0.916406 0.449074 0.049479 0.164815
0 0.882812 0.444907 0.080208 0.080556
0 0.778385 0.346759 0.065104 0.189815
0 0.739323 0.469907 0.113021 0.199074
0 0.899219 0.598611 0.064062 0.128704
0 0.668490 0.585185 0.185938 0.166667
0 0.449479 0.878704 0.134375 0.087037
0 0.585417 0.839815 0.188542 0.105556
0 0.602083 0.759722 0.202083 0.113889
0 0.316667 0.880556 0.135417 0.068519
0 0.389844 0.733333 0.086979 0.177778
0 0.484896 0.744907 0.167708 0.143519