0 0.451416 0.870443 0.145020 0.089844
0 0.315430 0.883789 0.135742 0.100911
0 0.291016 0.801758 0.128906 0.132161
0 0.211914 0.834310 0.071289 0.110026
0 0.152588 0.802734 0.084473 0.089844
0 0.117676 0.807943 0.078125 0.091146
0 0.117676 0.716146 0.071289 0.097656
0 0.070557 0.694661 0.039551 0.122396
0 0.061768 0.566732 0.038574 0.151693
0 0.060059 0.448893 0.053711 0.061849
0 0.061279 0.402344 0.053223 0.049479
0 0.070557 0.331055 0.071777 0.108724
0 0.183838 0.252279 0.107910 0.068359
0 0.277588 0.252279 0.102051 0.086589
0 0.316895 0.399414 0.116211 0.136068
0 0.395020 0.445312 0.097656 0.212240
0 0.438965 0.246745 0.109375 0.221354
0 0.539551 0.096680 0.152344 0.110026
0 0.593750 0.203125 0.166992 0.097656
0 0.666504 0.092448 0.108398 0.098958
0 0.681152 0.120443 0.097656 0.065104
0 0.766846 0.097982 0.088379 0.060547
0 0.827393 0.132161 0.044434 0.079427
0 0.894775 0.293945 0.058105 0.142578
0 0.918213 0.431966 0.051270 0.142578
0 0.915771 0.573242 0.062988 0.126953
0 0.717773 0.689453 0.103516 0.204427
0 0.697266 0.736654 0.083984 0.150391