0 0.754883 0.715820 0.157227 0.125651
0 0.605469 0.835286 0.158203 0.144531
0 0.464844 0.855469 0.148438 0.131510
0 0.293945 0.853841 0.176758 0.116536
0 0.183594 0.845378 0.092773 0.102214
0 0.119629 0.805664 0.043945 0.085286
0 0.106934 0.751302 0.048828 0.106771
0 0.077637 0.722005 0.032227 0.113281
0 0.075439 0.586263 0.056152 0.151693
0 0.078369 0.430664 0.089355 0.132161
0 0.071289 0.377279 0.038086 0.046224
0 0.284668 0.752279 0.153320 0.136068
0 0.219482 0.702799 0.106934 0.083984
0 0.248535 0.620443 0.129883 0.114583
0 0.245117 0.532227 0.139648 0.192057
0 0.168457 0.533529 0.092773 0.068359
0 0.195312 0.442057 0.109375 0.121094
0 0.339355 0.477214 0.153320 0.131510
0 0.314941 0.322917 0.160156 0.210938
0 0.274170 0.257487 0.062988 0.158203
0 0.241699 0.214518 0.055664 0.149089
0 0.199707 0.342122 0.085938 0.091797
0 0.375977 0.200521 0.152344 0.121094
0 0.412598 0.115885 0.134766 0.095052
0 0.538086 0.097982 0.148438 0.111328
0 0.660889 0.108398 0.124512 0.125651
0 0.735840 0.114258 0.085938 0.094401
0 0.803711 0.122721 0.084961 0.086589