0 0.810937 0.637963 0.109375 0.175926
0 0.717187 0.491667 0.121875 0.251852
0 0.661979 0.667593 0.133333 0.238889
0 0.573958 0.704167 0.083333 0.287963
0 0.497917 0.672222 0.102083 0.275926
0 0.597917 0.837963 0.175000 0.153704
0 0.443750 0.838889 0.177083 0.112963
0 0.457031 0.916667 0.132812 0.094444
0 0.341667 0.866204 0.135417 0.230556
0 0.275260 0.877315 0.066146 0.113889
0 0.238021 0.865741 0.101042 0.227778
0 0.183854 0.819444 0.071875 0.175926
0 0.132031 0.814815 0.061979 0.153704
0 0.097917 0.808333 0.037500 0.055556
0 0.071354 0.716667 0.086458 0.085185
0 0.059896 0.559259 0.034375 0.159259
0 0.139063 0.534722 0.106250 0.099074
0 0.229687 0.445370 0.119792 0.214815
0 0.210938 0.217593 0.112500 0.122222
0 0.261979 0.229167 0.135417 0.169444
0 0.394271 0.184722 0.136458 0.136111
0 0.438021 0.071759 0.192708 0.095370
0 0.481510 0.127778 0.081771 0.120370
0 0.566146 0.097222 0.096875 0.188889
0 0.878646 0.207407 0.045833 0.129630
0 0.904687 0.320833 0.051042 0.156481
0 0.917969 0.463426 0.064062 0.197222
0 0.072917 0.389815 0.101042 0.096296