0 0.578125 0.897222 0.176042 0.125926
0 0.487760 0.801389 0.148438 0.178704
0 0.303646 0.875926 0.154167 0.090741
0 0.224740 0.805556 0.145313 0.092593
0 0.158333 0.853704 0.058333 0.098148
0 0.116146 0.849537 0.069792 0.082407
0 0.091927 0.781019 0.056771 0.050926
0 0.075781 0.740278 0.085938 0.073148
0 0.063542 0.655556 0.086458 0.124074
0 0.052604 0.533333 0.066667 0.120370
0 0.063021 0.453704 0.089583 0.098148
0 0.200521 0.438889 0.142708 0.179630
0 0.145313 0.239815 0.051042 0.187037
0 0.223177 0.191667 0.113021 0.114815
0 0.210156 0.293056 0.114062 0.104630
0 0.283073 0.599537 0.164062 0.110185
0 0.408333 0.093056 0.139583 0.110185
0 0.462240 0.118056 0.164062 0.195370
0 0.641406 0.140741 0.067187 0.181481
0 0.829167 0.123148 0.068750 0.066667
0 0.854427 0.193981 0.078646 0.137963
0 0.906510 0.218519 0.058854 0.155556
0 0.908073 0.490278 0.059896 0.143519
0 0.919010 0.626389 0.028646 0.132407
0 0.877083 0.628241 0.068750 0.187963
0 0.853646 0.670833 0.059375 0.162037
0 0.788281 0.641204 0.132812 0.158333
0 0.598177 0.743519 0.067187 0.233333