0 0.749479 0.456481 0.113542 0.255556
0 0.515885 0.874074 0.149479 0.100000
0 0.463802 0.802778 0.139063 0.207407
0 0.596354 0.395833 0.206250 0.097222
0 0.503906 0.266204 0.075521 0.202778
0 0.644271 0.237963 0.166667 0.107407
0 0.655729 0.176852 0.119792 0.111111
0 0.898438 0.562500 0.090625 0.069444
0 0.929948 0.505556 0.046354 0.137037
0 0.917708 0.373148 0.062500 0.140741
0 0.888542 0.259722 0.038542 0.143519
0 0.854688 0.181019 0.044792 0.125000
0 0.821094 0.092593 0.094271 0.075926
0 0.719010 0.103704 0.084896 0.059259
0 0.617448 0.132870 0.126562 0.087963
0 0.580729 0.094907 0.135417 0.078704
0 0.613542 0.056481 0.118750 0.055556
0 0.686458 0.078704 0.077083 0.046296
0 0.473177 0.110185 0.120313 0.112963
0 0.393750 0.094907 0.117708 0.078704
0 0.232031 0.191667 0.088021 0.133333
0 0.153125 0.425000 0.116667 0.172222
0 0.204427 0.760648 0.086979 0.082407
0 0.214323 0.805093 0.098437 0.087963
0 0.224740 0.865741 0.116146 0.070370
0 0.138021 0.800000 0.060417 0.118519
0 0.101042 0.793519 0.031250 0.087037
0 0.082812 0.746296 0.040625 0.150000