0 0.467187 0.563426 0.154167 0.200926
0 0.597135 0.475463 0.131771 0.175000
0 0.649740 0.235185 0.077604 0.190741
0 0.595833 0.082870 0.138542 0.075000
0 0.453646 0.218519 0.155208 0.164815
0 0.375260 0.155556 0.080729 0.137037
0 0.450781 0.116204 0.133854 0.078704
0 0.291927 0.206944 0.095312 0.141667
0 0.205729 0.208796 0.093750 0.130556
0 0.286198 0.425463 0.115104 0.225000
0 0.324219 0.656019 0.082812 0.232407
0 0.182292 0.541667 0.071875 0.216667
0 0.061719 0.470370 0.036979 0.122222
0 0.065365 0.606944 0.042188 0.145370
0 0.121094 0.796759 0.079687 0.119444
0 0.215104 0.812500 0.064583 0.123148
0 0.286719 0.866667 0.123438 0.083333
0 0.420312 0.872685 0.172917 0.117593
0 0.594010 0.795833 0.126562 0.189815
0 0.669010 0.782870 0.090104 0.210185
0 0.782813 0.665741 0.139583 0.157407
0 0.857552 0.638426 0.076563 0.225000
0 0.900000 0.610648 0.035417 0.193519
0 0.901563 0.448148 0.116667 0.116667
0 0.928906 0.613426 0.020313 0.160185
0 0.927604 0.498148 0.033333 0.087037
0 0.887240 0.285648 0.058854 0.130556
0 0.895052 0.194907 0.045312 0.123148