0 0.115234 0.341797 0.061523 0.139323
0 0.085205 0.432617 0.052246 0.159505
0 0.054199 0.430990 0.025391 0.106771
0 0.080566 0.606445 0.061523 0.159505
0 0.057373 0.615560 0.040527 0.152995
0 0.076416 0.746745 0.064941 0.145833
0 0.142090 0.823242 0.080078 0.091797
0 0.194336 0.735677 0.047852 0.164062
0 0.215332 0.785156 0.052734 0.164062
0 0.293213 0.761393 0.138184 0.100911
0 0.295654 0.864583 0.143066 0.121094
0 0.500732 0.842122 0.081543 0.190755
0 0.594482 0.662760 0.173340 0.111979
0 0.274170 0.501628 0.106934 0.205078
0 0.258789 0.282227 0.085938 0.159505
0 0.192139 0.267578 0.050293 0.114583
0 0.223877 0.173177 0.051270 0.130208
0 0.406006 0.129557 0.096191 0.145833
0 0.520020 0.092448 0.073242 0.148438
0 0.656494 0.091146 0.113770 0.114583
0 0.715820 0.093750 0.127930 0.145833
0 0.848389 0.279948 0.081543 0.145833
0 0.922119 0.421224 0.040527 0.139323
0 0.765869 0.304036 0.137207 0.156250
0 0.691406 0.425781 0.102539 0.260417
0 0.615967 0.450521 0.081543 0.244792
0 0.763916 0.575195 0.105957 0.085286
0 0.879639 0.621745 0.106934 0.160156