0 0.049219 0.593981 0.064062 0.139815
0 0.083073 0.726852 0.043229 0.153704
0 0.144531 0.821296 0.055729 0.055556
0 0.214062 0.813426 0.084375 0.071296
0 0.214323 0.867593 0.099479 0.057407
0 0.323437 0.874074 0.130208 0.092593
0 0.405990 0.860185 0.121354 0.092593
0 0.461458 0.877778 0.141667 0.120370
0 0.615885 0.693981 0.090104 0.265741
0 0.661979 0.823611 0.059375 0.193519
0 0.715104 0.714815 0.088542 0.212963
0 0.484635 0.496296 0.077604 0.216667
0 0.220312 0.406019 0.114583 0.141667
0 0.529427 0.329630 0.202604 0.116667
0 0.588281 0.386111 0.167187 0.090741
0 0.369010 0.141667 0.131771 0.125926
0 0.464323 0.182870 0.165104 0.130556
0 0.496094 0.081481 0.127604 0.068519
0 0.622396 0.139815 0.138542 0.101852
0 0.646615 0.175000 0.130729 0.114815
0 0.679688 0.256019 0.070833 0.169444
0 0.617188 0.067130 0.140625 0.050926
0 0.572396 0.099537 0.121875 0.080556
0 0.920573 0.461574 0.060937 0.136111
0 0.923698 0.554630 0.044271 0.053704
0 0.888542 0.267130 0.067708 0.136111
0 0.849219 0.175000 0.044271 0.122222
0 0.862240 0.155093 0.060937 0.106481