0 0.582292 0.129630 0.172917 0.098148
0 0.503385 0.098148 0.108854 0.125926
0 0.460156 0.066667 0.130729 0.101852
0 0.453125 0.261111 0.154167 0.183333
0 0.333333 0.443519 0.150000 0.188889
0 0.365365 0.144907 0.080729 0.147222
0 0.291146 0.166204 0.127083 0.202778
0 0.208073 0.194444 0.100521 0.094444
0 0.083333 0.371296 0.088542 0.140741
0 0.146615 0.471759 0.077604 0.080556
0 0.047917 0.558333 0.057292 0.179630
0 0.116927 0.676389 0.060937 0.178704
0 0.061198 0.737500 0.048438 0.056481
0 0.174479 0.772222 0.121875 0.111111
0 0.244531 0.882870 0.100521 0.106481
0 0.141667 0.817593 0.052083 0.090741
0 0.094271 0.800926 0.055208 0.085185
0 0.472396 0.873611 0.188542 0.100926
0 0.665104 0.820370 0.121875 0.218519
0 0.777083 0.398148 0.080208 0.212963
0 0.834635 0.144444 0.066146 0.085185
0 0.871875 0.208796 0.093750 0.075000
0 0.905729 0.343981 0.064583 0.143519
0 0.911198 0.505093 0.061979 0.163889
0 0.920573 0.625000 0.033854 0.151852
0 0.879167 0.623148 0.070833 0.183333
0 0.857552 0.651852 0.043229 0.157407
0 0.814323 0.658333 0.100521 0.185185