0 0.338135 0.164062 0.058105 0.153646
0 0.181641 0.200521 0.105469 0.089844
0 0.118896 0.275716 0.059082 0.150391
0 0.076904 0.339844 0.052246 0.111979
0 0.086914 0.436849 0.062500 0.113281
0 0.047363 0.473958 0.048828 0.122396
0 0.141357 0.539388 0.088379 0.085286
0 0.083984 0.566081 0.054688 0.070964
0 0.064697 0.600260 0.044434 0.132812
0 0.077148 0.686198 0.073242 0.057292
0 0.124756 0.823568 0.047363 0.071615
0 0.207764 0.867839 0.106934 0.066406
0 0.309570 0.884766 0.091797 0.066406
0 0.375244 0.842122 0.130371 0.180339
0 0.284668 0.801107 0.079102 0.110026
0 0.192627 0.725260 0.053223 0.131510
0 0.186768 0.805664 0.093262 0.069661
0 0.611084 0.615885 0.095215 0.238281
0 0.839111 0.574870 0.104980 0.131510
0 0.922852 0.592448 0.090820 0.154948
0 0.900879 0.474609 0.067383 0.186198
0 0.922119 0.411133 0.038574 0.111328
0 0.870850 0.311198 0.063965 0.194010
0 0.792725 0.219076 0.058105 0.126953
0 0.781006 0.353190 0.076660 0.181641
0 0.659424 0.113607 0.089355 0.180339
0 0.559082 0.058594 0.134766 0.095052
0 0.703613 0.076497 0.054688 0.052734