0 0.118652 0.250326 0.057617 0.067057
0 0.097656 0.295573 0.071289 0.065104
0 0.060547 0.356771 0.031250 0.128906
0 0.087158 0.366536 0.043457 0.119792
0 0.059814 0.444336 0.072754 0.052734
0 0.062012 0.552734 0.041992 0.165365
0 0.112549 0.608398 0.069824 0.163411
0 0.137451 0.557617 0.059082 0.188151
0 0.069824 0.719401 0.034180 0.093750
0 0.102783 0.770508 0.071777 0.097005
0 0.133545 0.827474 0.091309 0.109375
0 0.235107 0.847005 0.125488 0.091146
0 0.229736 0.716471 0.091309 0.218099
0 0.213623 0.556315 0.121582 0.222005
0 0.350098 0.690430 0.123047 0.193359
0 0.596924 0.867188 0.175293 0.096354
0 0.656250 0.779297 0.122070 0.156250
0 0.745850 0.634766 0.120605 0.244792
0 0.819580 0.643555 0.065918 0.173828
0 0.891113 0.608073 0.072266 0.114583
0 0.926758 0.534505 0.051758 0.106771
0 0.766846 0.139323 0.130371 0.098958
0 0.763428 0.088542 0.088379 0.074219
0 0.693848 0.107422 0.076172 0.084635
0 0.429932 0.133464 0.087402 0.187500
0 0.313721 0.186523 0.135254 0.086589
0 0.257080 0.297852 0.078613 0.139974
0 0.296875 0.359375 0.147461 0.182292