0 0.105469 0.804630 0.044271 0.066667
0 0.078125 0.767130 0.064583 0.115741
0 0.054427 0.631481 0.052604 0.142593
0 0.057552 0.512037 0.050521 0.114815
0 0.324219 0.403704 0.165104 0.153704
0 0.344792 0.252778 0.095833 0.211111
0 0.421615 0.230556 0.086979 0.190741
0 0.428906 0.104630 0.127604 0.077778
0 0.565104 0.082407 0.158333 0.075926
0 0.313281 0.173611 0.095312 0.082407
0 0.296615 0.227778 0.072396 0.088889
0 0.213281 0.227778 0.101562 0.072222
0 0.129167 0.253704 0.083333 0.168519
0 0.177865 0.850926 0.099479 0.142593
0 0.251563 0.850463 0.063542 0.169444
0 0.332292 0.874537 0.140625 0.202778
0 0.454948 0.799537 0.165104 0.152778
0 0.477604 0.854630 0.134375 0.127778
0 0.595052 0.834259 0.176563 0.150000
0 0.793229 0.697685 0.136458 0.130556
0 0.666146 0.672685 0.115625 0.221296
0 0.600521 0.707870 0.071875 0.260185
0 0.741406 0.442130 0.170313 0.086111
0 0.890104 0.634722 0.050000 0.163889
0 0.919792 0.461574 0.047917 0.175000
0 0.908594 0.318981 0.039062 0.106481
0 0.871094 0.170370 0.079687 0.107407
0 0.758073 0.131944 0.092188 0.086111