0 0.609635 0.854167 0.164062 0.134259
0 0.430469 0.774074 0.144271 0.222222
0 0.422656 0.876389 0.126562 0.104630
0 0.304427 0.854630 0.149479 0.131481
0 0.190885 0.857870 0.077604 0.075000
0 0.210938 0.788426 0.110417 0.141667
0 0.127865 0.821296 0.050521 0.068519
0 0.138281 0.668519 0.082812 0.161111
0 0.209896 0.689352 0.117708 0.100926
0 0.082292 0.483333 0.055208 0.164815
0 0.052344 0.480093 0.030729 0.167593
0 0.257031 0.220370 0.116146 0.183333
0 0.352604 0.162963 0.139583 0.120370
0 0.419271 0.125926 0.121875 0.109259
0 0.545052 0.086574 0.141146 0.104630
0 0.675260 0.091204 0.124479 0.071296
0 0.863802 0.187963 0.079687 0.153704
0 0.915104 0.394907 0.071875 0.137963
0 0.928906 0.489352 0.040104 0.099074
0 0.925781 0.619444 0.046354 0.164815
0 0.899219 0.629167 0.040104 0.173148
0 0.855469 0.647222 0.074479 0.188889
0 0.711719 0.382870 0.093229 0.275000
0 0.630990 0.617130 0.157812 0.176852
0 0.562760 0.405093 0.074479 0.260185
0 0.407031 0.486111 0.175521 0.159259
0 0.351302 0.348611 0.127604 0.199074
0 0.168490 0.784259 0.071354 0.087037