0 0.275000 0.213889 0.102083 0.161111
0 0.397656 0.110648 0.136979 0.106481
0 0.377604 0.194907 0.094792 0.154630
0 0.499479 0.072685 0.130208 0.082407
0 0.626563 0.072685 0.144792 0.065741
0 0.560937 0.101852 0.144792 0.083333
0 0.604948 0.140741 0.138021 0.090741
0 0.639844 0.168519 0.124479 0.096296
0 0.736458 0.127778 0.085417 0.172222
0 0.442708 0.243981 0.097917 0.236111
0 0.511979 0.262500 0.135417 0.169444
0 0.526042 0.364815 0.198958 0.148148
0 0.490104 0.473611 0.070833 0.213889
0 0.417187 0.653704 0.181250 0.181481
0 0.634896 0.425000 0.111458 0.140741
0 0.821875 0.143981 0.059375 0.100926
0 0.867188 0.157407 0.057292 0.105556
0 0.859115 0.180556 0.039062 0.103704
0 0.886458 0.273148 0.073958 0.125926
0 0.925521 0.494444 0.051042 0.159259
0 0.817187 0.675000 0.075000 0.192593
0 0.662240 0.791204 0.067187 0.189815
0 0.462240 0.850000 0.154688 0.151852
0 0.210156 0.811574 0.097396 0.080556
0 0.217708 0.860648 0.106250 0.073148
0 0.126823 0.797685 0.060937 0.130556
0 0.078125 0.722222 0.042708 0.144444
0 0.055469 0.560648 0.055729 0.147222