0 0.048958 0.404630 0.057292 0.146296
0 0.057292 0.483333 0.069792 0.081481
0 0.059115 0.564815 0.029687 0.122222
0 0.229687 0.458333 0.108333 0.207407
0 0.142448 0.649537 0.064062 0.180556
0 0.114844 0.801389 0.063021 0.091667
0 0.489583 0.192593 0.170833 0.148148
0 0.486719 0.080556 0.107813 0.094444
0 0.416667 0.107407 0.067708 0.098148
0 0.382812 0.143056 0.090625 0.136111
0 0.350000 0.185185 0.059375 0.138889
0 0.312240 0.201852 0.065104 0.229630
0 0.246875 0.236574 0.073958 0.149074
0 0.258854 0.712963 0.090625 0.225926
0 0.321094 0.856481 0.116146 0.187037
0 0.202083 0.870370 0.082292 0.192593
0 0.283333 0.875926 0.097917 0.068519
0 0.501302 0.669907 0.094271 0.241667
0 0.573958 0.712037 0.079167 0.272222
0 0.454167 0.900463 0.126042 0.058333
0 0.722135 0.494444 0.107813 0.224074
0 0.801042 0.631944 0.073958 0.173148
0 0.661719 0.665741 0.124479 0.211111
0 0.597656 0.837500 0.171354 0.143519
0 0.447917 0.830556 0.166667 0.081481
0 0.878385 0.210648 0.039062 0.130556
0 0.904427 0.320370 0.038021 0.140741
0 0.919531 0.459722 0.056771 0.180556