0 0.051514 0.451823 0.017090 0.138021
0 0.064941 0.464518 0.016602 0.100911
0 0.071289 0.569987 0.031250 0.110026
0 0.088623 0.537435 0.038574 0.159505
0 0.084717 0.378581 0.064941 0.158203
0 0.168945 0.351562 0.110352 0.072917
0 0.281738 0.414388 0.124023 0.102214
0 0.261230 0.625651 0.116211 0.095052
0 0.058594 0.656901 0.061523 0.088542
0 0.068359 0.776042 0.072266 0.104167
0 0.072510 0.724935 0.047363 0.067057
0 0.120117 0.745768 0.049805 0.164714
0 0.157959 0.768229 0.056152 0.171875
0 0.141113 0.840495 0.071289 0.055990
0 0.220215 0.795573 0.078125 0.130208
0 0.310303 0.814779 0.150879 0.125651
0 0.314697 0.883138 0.144043 0.085286
0 0.604980 0.838216 0.164062 0.125651
0 0.668213 0.692383 0.160645 0.141276
0 0.889160 0.632812 0.114258 0.130208
0 0.845703 0.569336 0.117188 0.133464
0 0.760254 0.335612 0.139648 0.110026
0 0.919189 0.428711 0.039551 0.134766
0 0.413086 0.121094 0.150391 0.145833
0 0.543457 0.099284 0.128906 0.117839
0 0.712646 0.101237 0.137207 0.133464
0 0.885742 0.260742 0.062500 0.160807
0 0.860107 0.300130 0.081543 0.156250