0 0.654687 0.737500 0.156250 0.119444
0 0.745052 0.686111 0.104688 0.148148
0 0.829948 0.624074 0.096354 0.118519
0 0.871875 0.620370 0.083333 0.164815
0 0.903385 0.592593 0.057813 0.150000
0 0.904687 0.489352 0.062500 0.069444
0 0.807813 0.531481 0.103125 0.090741
0 0.609115 0.443056 0.145313 0.197222
0 0.640365 0.358333 0.121354 0.209259
0 0.694792 0.405093 0.083333 0.202778
0 0.738021 0.396759 0.085417 0.195370
0 0.792708 0.389352 0.051042 0.171296
0 0.832812 0.399537 0.051042 0.145370
0 0.867708 0.423148 0.050000 0.192593
0 0.900781 0.388889 0.039062 0.144444
0 0.929167 0.352778 0.037500 0.094444
0 0.899740 0.302315 0.056771 0.108333
0 0.846354 0.228704 0.105208 0.087037
0 0.778906 0.247222 0.065104 0.124074
0 0.759115 0.171296 0.147396 0.083333
0 0.830469 0.145833 0.061979 0.043519
0 0.821094 0.094444 0.065104 0.074074
0 0.791667 0.108796 0.064583 0.045370
0 0.723437 0.089815 0.073958 0.088889
0 0.691927 0.090741 0.091146 0.118519
0 0.613281 0.160648 0.075521 0.139815
0 0.589323 0.103241 0.105729 0.097222
0 0.528906 0.068056 0.106771 0.084259