0 0.542969 0.894444 0.182812 0.096296
0 0.607812 0.781944 0.123958 0.160185
0 0.663802 0.797685 0.092188 0.178704
0 0.720573 0.673611 0.152604 0.125000
0 0.878385 0.637963 0.114062 0.124074
0 0.913542 0.571759 0.055208 0.106481
0 0.916927 0.402778 0.057813 0.153704
0 0.629948 0.419444 0.142187 0.246296
0 0.471875 0.115741 0.065625 0.148148
0 0.412760 0.157407 0.064062 0.162963
0 0.425781 0.312037 0.161979 0.170370
0 0.335677 0.196296 0.116146 0.185185
0 0.230469 0.232407 0.129688 0.148148
0 0.158854 0.362500 0.102083 0.112037
0 0.177083 0.436111 0.116667 0.129630
0 0.176042 0.522685 0.107292 0.099074
0 0.200521 0.554167 0.098958 0.130556
0 0.114583 0.575463 0.041667 0.199074
0 0.098958 0.506944 0.039583 0.141667
0 0.071875 0.514815 0.047917 0.181481
0 0.063281 0.567593 0.043229 0.151852
0 0.073438 0.711574 0.029167 0.141667
0 0.104948 0.710185 0.074479 0.164815
0 0.101302 0.817130 0.055729 0.073148
0 0.168229 0.823148 0.103125 0.124074
0 0.299479 0.846296 0.126042 0.125926
0 0.387760 0.786574 0.135937 0.162037
0 0.433854 0.868519 0.153125 0.100000