0 0.340104 0.522685 0.176042 0.132407
0 0.301563 0.636111 0.114583 0.218519
0 0.461979 0.816667 0.157292 0.174074
0 0.683333 0.662963 0.159375 0.164815
0 0.598698 0.708796 0.075521 0.269444
0 0.778385 0.449074 0.095312 0.122222
0 0.840885 0.663889 0.144271 0.103704
0 0.595573 0.842593 0.185938 0.135185
0 0.945833 0.517593 0.030208 0.174074
0 0.886458 0.582870 0.111458 0.149074
0 0.917708 0.459722 0.054167 0.178704
0 0.906771 0.325463 0.048958 0.115741
0 0.864844 0.176389 0.080729 0.160185
0 0.699479 0.072685 0.127083 0.087963
0 0.558594 0.077315 0.155729 0.076852
0 0.431771 0.142130 0.107292 0.175000
0 0.420573 0.094444 0.126562 0.085185
0 0.321875 0.192593 0.141667 0.100000
0 0.284896 0.837037 0.077083 0.246296
0 0.216406 0.850926 0.109896 0.170370
0 0.179688 0.840278 0.120833 0.191667
0 0.153906 0.853241 0.083854 0.110185
0 0.104688 0.803241 0.042708 0.071296
0 0.086979 0.728704 0.042708 0.112963
0 0.060937 0.643056 0.063542 0.134259
0 0.052083 0.375463 0.063542 0.132407
0 0.077865 0.293519 0.076563 0.057407
0 0.057292 0.505556 0.067708 0.142593