0 0.053646 0.553704 0.020833 0.129630
0 0.102865 0.543056 0.084896 0.073148
0 0.072917 0.621296 0.034375 0.070370
0 0.062760 0.455093 0.048438 0.121296
0 0.087500 0.421296 0.067708 0.096296
0 0.152865 0.441667 0.079687 0.124074
0 0.223958 0.301389 0.117708 0.175000
0 0.360417 0.173611 0.133333 0.113889
0 0.209635 0.176852 0.114062 0.122222
0 0.374219 0.118981 0.067187 0.054630
0 0.778125 0.114815 0.100000 0.140741
0 0.850260 0.144907 0.053646 0.193519
0 0.898177 0.311574 0.055729 0.115741
0 0.887240 0.213426 0.023438 0.073148
0 0.913021 0.440741 0.060417 0.153704
0 0.923177 0.536574 0.072396 0.050926
0 0.859896 0.631019 0.097917 0.141667
0 0.799740 0.381481 0.094271 0.170370
0 0.740104 0.456944 0.115625 0.186111
0 0.727083 0.578704 0.164583 0.094444
0 0.657292 0.787963 0.107292 0.231481
0 0.592187 0.781019 0.101042 0.237963
0 0.453646 0.771759 0.172917 0.189815
0 0.453385 0.881019 0.176563 0.082407
0 0.313542 0.874537 0.140625 0.110185
0 0.194531 0.832870 0.106771 0.112037
0 0.114062 0.815278 0.055208 0.069444
0 0.080208 0.732870 0.045833 0.136111