0 0.060303 0.561198 0.047363 0.158854
0 0.075195 0.700195 0.043945 0.138672
0 0.112061 0.812174 0.062988 0.091797
0 0.133545 0.738281 0.089355 0.100260
0 0.142334 0.801758 0.078613 0.055339
0 0.187256 0.852539 0.099121 0.055339
0 0.314697 0.862956 0.134277 0.102214
0 0.426025 0.847982 0.149902 0.083984
0 0.590332 0.850911 0.193359 0.106771
0 0.676025 0.751953 0.166504 0.152344
0 0.771973 0.673177 0.096680 0.141927
0 0.875488 0.619141 0.096680 0.138021
0 0.907715 0.490560 0.058594 0.138672
0 0.916016 0.430990 0.055664 0.149740
0 0.888184 0.292318 0.059570 0.138021
0 0.830322 0.154948 0.072754 0.079427
0 0.806396 0.112630 0.082520 0.045573
0 0.570557 0.625326 0.110840 0.242839
0 0.668457 0.616211 0.125000 0.141276
0 0.157227 0.403971 0.108398 0.164714
0 0.176514 0.463542 0.101074 0.065104
0 0.389648 0.277995 0.098633 0.217448
0 0.651123 0.280924 0.181152 0.134766
0 0.617676 0.171549 0.095703 0.134766
0 0.514160 0.081706 0.150391 0.073568
0 0.642090 0.149089 0.129883 0.157552
0 0.665771 0.085612 0.094238 0.081380
0 0.723633 0.137044 0.059570 0.133464