0 0.598437 0.470833 0.138542 0.286111
0 0.747396 0.563426 0.102083 0.230556
0 0.914844 0.524537 0.093229 0.204630
0 0.857031 0.173148 0.091146 0.159259
0 0.899219 0.316667 0.059896 0.148148
0 0.716406 0.206019 0.134896 0.134259
0 0.756250 0.311111 0.110417 0.194444
0 0.687500 0.300463 0.121875 0.236111
0 0.662240 0.325000 0.130729 0.214815
0 0.585417 0.098148 0.157292 0.124074
0 0.408854 0.103241 0.160417 0.063889
0 0.412240 0.156481 0.202604 0.098148
0 0.383073 0.275463 0.163021 0.119444
0 0.402604 0.316204 0.153125 0.113889
0 0.352865 0.450926 0.181771 0.218519
0 0.378385 0.544907 0.177604 0.110185
0 0.254688 0.184722 0.091667 0.080556
0 0.267969 0.374074 0.076563 0.242593
0 0.198958 0.310648 0.119792 0.136111
0 0.389844 0.778704 0.143229 0.220370
0 0.419792 0.854630 0.156250 0.148148
0 0.585417 0.845370 0.175000 0.151852
0 0.246354 0.834259 0.121875 0.122222
0 0.076823 0.713889 0.055729 0.164815
0 0.069010 0.552315 0.048438 0.173148
0 0.067187 0.425463 0.069792 0.171296
0 0.696354 0.652778 0.163542 0.129630
0 0.701823 0.731481 0.159896 0.114815