0 0.062012 0.444010 0.041992 0.125000
0 0.073486 0.426758 0.029785 0.155599
0 0.094238 0.422852 0.051758 0.146484
0 0.080811 0.570964 0.063965 0.138021
0 0.065186 0.619792 0.047363 0.125000
0 0.076660 0.746094 0.060547 0.136719
0 0.142090 0.818034 0.080078 0.103516
0 0.202881 0.246745 0.063965 0.167969
0 0.248779 0.155599 0.076660 0.091146
0 0.277832 0.292969 0.101562 0.218750
0 0.262451 0.467122 0.074707 0.179036
0 0.193604 0.731771 0.042480 0.157552
0 0.226807 0.782227 0.066895 0.173828
0 0.292725 0.761068 0.137207 0.100260
0 0.307129 0.843424 0.166016 0.111328
0 0.540039 0.866211 0.160156 0.111328
0 0.597412 0.649089 0.169434 0.121094
0 0.603760 0.497721 0.070801 0.248047
0 0.417480 0.127930 0.067383 0.129557
0 0.509277 0.091797 0.139648 0.100260
0 0.605713 0.059245 0.126465 0.100260
0 0.653809 0.109701 0.115234 0.097005
0 0.711914 0.513021 0.127930 0.152344
0 0.796631 0.658854 0.099121 0.145833
0 0.881104 0.648763 0.078613 0.083984
0 0.921631 0.425130 0.039551 0.153646
0 0.761963 0.348958 0.094238 0.236979
0 0.846924 0.298177 0.091309 0.180990