0 0.774740 0.700000 0.130729 0.157407
0 0.655729 0.611111 0.152083 0.244444
0 0.541667 0.604630 0.150000 0.148148
0 0.538281 0.779167 0.129688 0.263889
0 0.435937 0.758333 0.128125 0.214815
0 0.408073 0.866667 0.148438 0.103704
0 0.282031 0.737963 0.146354 0.150000
0 0.285677 0.814352 0.153646 0.102778
0 0.254948 0.837963 0.131771 0.146296
0 0.125781 0.747222 0.059896 0.153704
0 0.088021 0.770370 0.046875 0.127778
0 0.072396 0.699074 0.031250 0.085185
0 0.231250 0.558333 0.069792 0.227778
0 0.324479 0.544907 0.134375 0.228704
0 0.249740 0.433796 0.121354 0.106481
0 0.267708 0.361111 0.155208 0.094444
0 0.241927 0.201852 0.099479 0.129630
0 0.368490 0.140741 0.148438 0.122222
0 0.458594 0.095370 0.088021 0.074074
0 0.613802 0.085648 0.143229 0.075000
0 0.861198 0.139815 0.044271 0.131481
0 0.860417 0.243056 0.104167 0.158333
0 0.926823 0.486111 0.035937 0.155556
0 0.922656 0.626389 0.026562 0.143519
0 0.890885 0.622685 0.060937 0.199074
0 0.847656 0.666667 0.072396 0.168519
0 0.733594 0.490278 0.114062 0.245370
0 0.742188 0.334722 0.101042 0.237963