0 0.078385 0.298148 0.076563 0.100000
0 0.060677 0.467593 0.033854 0.138889
0 0.072396 0.660185 0.078125 0.048148
0 0.063281 0.584722 0.034896 0.100926
0 0.063281 0.730093 0.072396 0.113889
0 0.110156 0.816667 0.067187 0.061111
0 0.183073 0.844907 0.096354 0.089815
0 0.214323 0.783333 0.114062 0.118519
0 0.299219 0.865278 0.131771 0.093519
0 0.323177 0.694444 0.110937 0.190741
0 0.424219 0.602778 0.185938 0.166667
0 0.474740 0.869907 0.201563 0.095370
0 0.695573 0.698148 0.081771 0.240741
0 0.788021 0.676389 0.113542 0.091667
0 0.845313 0.664352 0.075000 0.158333
0 0.880469 0.634722 0.071354 0.169444
0 0.920312 0.626852 0.029167 0.144444
0 0.926042 0.495370 0.045833 0.140741
0 0.900260 0.359259 0.092188 0.135185
0 0.905208 0.278704 0.057292 0.127778
0 0.684635 0.504167 0.129688 0.173148
0 0.369010 0.243519 0.150521 0.090741
0 0.457292 0.103704 0.141667 0.085185
0 0.389062 0.149074 0.114583 0.127778
0 0.321615 0.191204 0.119271 0.078704
0 0.210156 0.212500 0.110937 0.095370
0 0.229687 0.157870 0.078125 0.032407
0 0.136719 0.236574 0.050521 0.087963