0 0.581250 0.841204 0.172917 0.175000
0 0.708333 0.736574 0.159375 0.128704
0 0.693490 0.651852 0.171354 0.100000
0 0.750000 0.552315 0.101042 0.197222
0 0.801042 0.504167 0.098958 0.160185
0 0.889844 0.625926 0.080729 0.211111
0 0.894792 0.310185 0.070833 0.157407
0 0.861458 0.170370 0.084375 0.153704
0 0.594010 0.094444 0.145313 0.124074
0 0.713802 0.203704 0.130729 0.150000
0 0.729427 0.258796 0.091146 0.189815
0 0.655990 0.264815 0.160938 0.220370
0 0.664844 0.336574 0.125521 0.223148
0 0.606250 0.479630 0.105208 0.279630
0 0.411458 0.101389 0.153125 0.067593
0 0.391406 0.164352 0.164062 0.099074
0 0.377083 0.267593 0.159375 0.151852
0 0.359375 0.488426 0.128125 0.254630
0 0.410938 0.517130 0.169792 0.113889
0 0.384375 0.777315 0.156250 0.200926
0 0.419531 0.848148 0.148438 0.150000
0 0.246354 0.781019 0.117708 0.113889
0 0.237240 0.853241 0.111979 0.080556
0 0.115104 0.819444 0.078125 0.064815
0 0.080208 0.686574 0.064583 0.162037
0 0.071354 0.546296 0.053125 0.133333
0 0.069531 0.421296 0.065104 0.144444
0 0.203125 0.314815 0.121875 0.131481