0 0.822917 0.167130 0.104167 0.108333
0 0.911458 0.323148 0.068750 0.148148
0 0.888542 0.222685 0.038542 0.100926
0 0.923438 0.504167 0.041667 0.160185
0 0.914062 0.630556 0.030208 0.151852
0 0.873177 0.647685 0.072396 0.175000
0 0.842448 0.667593 0.077604 0.151852
0 0.750000 0.700926 0.122917 0.092593
0 0.661458 0.698148 0.085417 0.220370
0 0.630208 0.855093 0.107292 0.163889
0 0.541146 0.761111 0.179167 0.129630
0 0.472656 0.871296 0.201563 0.094444
0 0.367708 0.740741 0.154167 0.253704
0 0.298698 0.871759 0.128646 0.071296
0 0.192188 0.829167 0.086458 0.139815
0 0.160156 0.837037 0.059896 0.088889
0 0.114062 0.819444 0.047917 0.064815
0 0.097917 0.775000 0.051042 0.122222
0 0.067708 0.699074 0.034375 0.124074
0 0.052083 0.593056 0.050000 0.136111
0 0.058594 0.474537 0.034896 0.167593
0 0.053646 0.324074 0.053125 0.133333
0 0.091406 0.290741 0.064062 0.150000
0 0.208594 0.232407 0.081771 0.148148
0 0.238021 0.175000 0.085417 0.064815
0 0.331771 0.199074 0.080208 0.155556
0 0.390625 0.161111 0.117708 0.159259
0 0.459115 0.103241 0.157812 0.089815