0 0.077865 0.719444 0.041146 0.151852
0 0.128906 0.830556 0.075521 0.103704
0 0.177604 0.794907 0.054167 0.121296
0 0.218490 0.811111 0.092188 0.103704
0 0.221615 0.868981 0.109896 0.069444
0 0.377865 0.872222 0.107813 0.133333
0 0.474219 0.870833 0.142187 0.123148
0 0.503125 0.768981 0.173958 0.126852
0 0.673698 0.780556 0.093229 0.192593
0 0.816146 0.614815 0.157292 0.192593
0 0.905208 0.579167 0.070833 0.156481
0 0.432812 0.279167 0.126042 0.119444
0 0.392448 0.188889 0.095312 0.194444
0 0.332813 0.227778 0.071875 0.179630
0 0.231510 0.241667 0.096354 0.187037
0 0.186458 0.200463 0.104167 0.110185
0 0.426563 0.115741 0.159375 0.083333
0 0.501563 0.069444 0.129167 0.048148
0 0.620313 0.065741 0.156250 0.055556
0 0.565625 0.096296 0.144792 0.090741
0 0.607292 0.143981 0.138542 0.100926
0 0.630208 0.159259 0.121875 0.081481
0 0.645312 0.210648 0.128125 0.106481
0 0.801562 0.118981 0.073958 0.150926
0 0.858073 0.212037 0.080729 0.190741
0 0.868750 0.137963 0.058333 0.103704
0 0.905208 0.231481 0.033333 0.094444
0 0.910677 0.315278 0.042188 0.076852