0 0.604167 0.075926 0.139583 0.068519
0 0.612500 0.146759 0.061458 0.084259
0 0.531510 0.229167 0.182812 0.108333
0 0.458594 0.100463 0.163021 0.099074
0 0.376042 0.172222 0.086458 0.172222
0 0.215885 0.196759 0.118229 0.095370
0 0.056250 0.300463 0.058333 0.132407
0 0.115625 0.472222 0.104167 0.094444
0 0.056250 0.467130 0.040625 0.137963
0 0.064583 0.600000 0.033333 0.155556
0 0.103125 0.748148 0.086458 0.150000
0 0.061198 0.758333 0.048438 0.129630
0 0.102604 0.815741 0.052083 0.066667
0 0.167448 0.857870 0.077604 0.084259
0 0.203646 0.786111 0.103125 0.087037
0 0.288542 0.859259 0.141667 0.090741
0 0.416406 0.634259 0.202604 0.105556
0 0.463021 0.869907 0.176042 0.100926
0 0.611458 0.810648 0.118750 0.171296
0 0.786458 0.680556 0.134375 0.124074
0 0.850781 0.643981 0.086979 0.208333
0 0.897135 0.629630 0.025521 0.179630
0 0.914323 0.613889 0.042188 0.155556
0 0.914844 0.525926 0.096354 0.174074
0 0.934115 0.464815 0.027604 0.079630
0 0.902865 0.324537 0.054688 0.141667
0 0.872656 0.165741 0.077604 0.090741
0 0.796615 0.159259 0.076563 0.133333