0 0.085693 0.258138 0.081543 0.117839
0 0.146240 0.318034 0.074707 0.147786
0 0.129883 0.438151 0.085938 0.108073
0 0.349365 0.847005 0.122559 0.194010
0 0.372559 0.881185 0.172852 0.145182
0 0.182861 0.834635 0.101074 0.115885
0 0.109131 0.805339 0.064941 0.093750
0 0.102783 0.618164 0.079590 0.064453
0 0.120850 0.527669 0.071777 0.112630
0 0.058594 0.473958 0.040039 0.160156
0 0.073486 0.535156 0.040527 0.100260
0 0.075684 0.641602 0.061523 0.155599
0 0.529053 0.853190 0.155762 0.115234
0 0.609863 0.892578 0.194336 0.130208
0 0.667725 0.280273 0.114746 0.205078
0 0.658203 0.421549 0.181641 0.120443
0 0.744385 0.504557 0.098145 0.197917
0 0.806396 0.530273 0.094238 0.164714
0 0.817627 0.631836 0.123535 0.180339
0 0.879639 0.612305 0.082520 0.163411
0 0.732666 0.126953 0.135254 0.110677
0 0.662842 0.098958 0.100098 0.083333
0 0.542480 0.089518 0.142578 0.087891
0 0.420654 0.104492 0.146973 0.097005
0 0.391846 0.196615 0.126465 0.123698
0 0.338379 0.214518 0.112305 0.104818
0 0.284912 0.277344 0.149902 0.161458
0 0.227295 0.315104 0.105957 0.097656