0 0.062500 0.565755 0.041992 0.161458
0 0.079346 0.705404 0.061035 0.123047
0 0.109863 0.809570 0.058594 0.090495
0 0.130371 0.801432 0.059570 0.126302
0 0.152344 0.809245 0.071289 0.121094
0 0.226318 0.840169 0.080566 0.097005
0 0.283691 0.791667 0.055664 0.214844
0 0.334229 0.772135 0.062988 0.188802
0 0.367432 0.810872 0.064941 0.172526
0 0.375244 0.887695 0.095215 0.117839
0 0.476074 0.879883 0.117188 0.100911
0 0.718750 0.725911 0.069336 0.188802
0 0.189697 0.544922 0.100098 0.209635
0 0.229004 0.452474 0.107422 0.138021
0 0.303711 0.476562 0.071289 0.209635
0 0.401855 0.349609 0.126953 0.152344
0 0.437256 0.419271 0.204590 0.200521
0 0.512939 0.134766 0.097168 0.132812
0 0.617432 0.140625 0.102051 0.169271
0 0.684326 0.120768 0.094238 0.072266
0 0.668457 0.073242 0.096680 0.060547
0 0.827881 0.146484 0.051270 0.102865
0 0.817383 0.239909 0.064453 0.116536
0 0.867920 0.162760 0.050293 0.138021
0 0.896973 0.295898 0.052734 0.134766
0 0.920898 0.434896 0.041016 0.153646
0 0.867920 0.499349 0.079590 0.164062
0 0.862793 0.623372 0.085938 0.086589