0 0.402865 0.683796 0.186979 0.126852
0 0.325260 0.636111 0.088021 0.225926
0 0.340104 0.780093 0.130208 0.132407
0 0.421875 0.869907 0.189583 0.104630
0 0.589844 0.806019 0.138021 0.187963
0 0.672135 0.775926 0.096354 0.214815
0 0.760677 0.622222 0.085938 0.209259
0 0.851042 0.643519 0.086458 0.212963
0 0.897135 0.631019 0.024479 0.162037
0 0.919271 0.625926 0.032292 0.146296
0 0.895052 0.540741 0.091146 0.098148
0 0.928906 0.457870 0.041146 0.150926
0 0.899219 0.243056 0.064062 0.178704
0 0.836719 0.150463 0.081771 0.184259
0 0.864062 0.135648 0.052083 0.100926
0 0.596354 0.084722 0.133333 0.075000
0 0.407552 0.125463 0.092188 0.204630
0 0.367448 0.158333 0.063021 0.129630
0 0.259635 0.213889 0.156771 0.146296
0 0.224219 0.215278 0.118229 0.154630
0 0.108333 0.336574 0.056250 0.162037
0 0.054688 0.357407 0.059375 0.090741
0 0.060677 0.474074 0.039062 0.138889
0 0.062240 0.601852 0.047396 0.150000
0 0.058854 0.703241 0.071875 0.125000
0 0.112240 0.808333 0.065104 0.098148
0 0.172656 0.836111 0.121354 0.194444
0 0.261979 0.883333 0.089583 0.164815