0 0.120833 0.298148 0.068750 0.085185
0 0.204687 0.191667 0.085417 0.109259
0 0.291146 0.188889 0.113542 0.105556
0 0.458594 0.312500 0.152604 0.204630
0 0.393750 0.153241 0.125000 0.141667
0 0.448698 0.098148 0.142187 0.114815
0 0.516146 0.111574 0.130208 0.121296
0 0.663021 0.088426 0.122917 0.139815
0 0.870833 0.197222 0.070833 0.059259
0 0.875000 0.319907 0.116667 0.076852
0 0.897656 0.256481 0.033854 0.050000
0 0.926042 0.502315 0.047917 0.162037
0 0.916406 0.626389 0.027604 0.145370
0 0.876042 0.622222 0.083333 0.196296
0 0.842969 0.667130 0.073438 0.160185
0 0.640885 0.829167 0.126562 0.210185
0 0.416146 0.627315 0.198958 0.113889
0 0.320052 0.695833 0.114062 0.191667
0 0.473958 0.871296 0.198958 0.096296
0 0.295052 0.866667 0.134896 0.092593
0 0.172656 0.805093 0.068229 0.162037
0 0.112500 0.810648 0.078125 0.104630
0 0.081771 0.705556 0.066667 0.124074
0 0.067187 0.753704 0.033333 0.090741
0 0.061458 0.590741 0.033333 0.142593
0 0.099740 0.548148 0.061979 0.190741
0 0.054427 0.466667 0.028646 0.129630
0 0.090104 0.410185 0.061458 0.142593