0 0.429443 0.119792 0.154785 0.109375
0 0.605469 0.090169 0.147461 0.091797
0 0.742920 0.111003 0.113770 0.087891
0 0.857178 0.147461 0.088379 0.107422
0 0.660400 0.267904 0.102051 0.207682
0 0.654785 0.385417 0.151367 0.154948
0 0.692627 0.427409 0.121582 0.152995
0 0.835205 0.606771 0.132324 0.093750
0 0.850342 0.658529 0.120605 0.077474
0 0.684570 0.739583 0.148438 0.173177
0 0.236572 0.842448 0.125488 0.108073
0 0.095703 0.700521 0.067383 0.095052
0 0.362061 0.486328 0.170410 0.123698
0 0.379150 0.372721 0.204590 0.132161
0 0.353760 0.298177 0.170410 0.126302
0 0.514648 0.335286 0.131836 0.255208
0 0.571777 0.260742 0.078125 0.228516
0 0.359375 0.190755 0.077148 0.144531
0 0.276123 0.232422 0.108887 0.161458
0 0.226318 0.178385 0.077637 0.074219
0 0.183350 0.281901 0.065918 0.151042
0 0.108398 0.250326 0.051758 0.085286
0 0.139648 0.234375 0.069336 0.084635
0 0.136963 0.326172 0.041504 0.140625
0 0.065674 0.489909 0.044434 0.137370
0 0.101318 0.435221 0.053223 0.119141
0 0.111084 0.325195 0.048340 0.121745
0 0.069092 0.360026 0.051270 0.135417