0 0.874740 0.525000 0.050521 0.087037
0 0.893490 0.636111 0.075521 0.159259
0 0.708594 0.723611 0.150521 0.162037
0 0.593229 0.839352 0.184375 0.167593
0 0.387760 0.781944 0.149479 0.187963
0 0.422135 0.859259 0.163021 0.153704
0 0.243229 0.837037 0.123958 0.127778
0 0.389323 0.550463 0.097396 0.256481
0 0.624479 0.504167 0.139583 0.223148
0 0.867448 0.306019 0.063021 0.221296
0 0.904427 0.315278 0.044271 0.163889
0 0.857031 0.161574 0.093229 0.136111
0 0.584375 0.092593 0.161458 0.096296
0 0.412760 0.100463 0.164062 0.080556
0 0.392708 0.175000 0.157292 0.085185
0 0.264062 0.205556 0.133333 0.087037
0 0.380990 0.279630 0.158854 0.135185
0 0.399740 0.316204 0.160938 0.117593
0 0.349740 0.462037 0.181771 0.216667
0 0.196615 0.486574 0.130729 0.132407
0 0.228125 0.354630 0.122917 0.179630
0 0.200000 0.312037 0.119792 0.138889
0 0.098958 0.427315 0.048958 0.182407
0 0.077083 0.483333 0.033333 0.153704
0 0.059635 0.430556 0.049479 0.181481
0 0.063542 0.551389 0.048958 0.175000
0 0.655208 0.324074 0.100000 0.220370
0 0.723437 0.362500 0.071875 0.230556