0 0.425000 0.918981 0.190625 0.113889
0 0.613802 0.879167 0.200521 0.162037
0 0.633854 0.776389 0.169792 0.258333
0 0.471875 0.744444 0.162500 0.194444
0 0.546354 0.605556 0.189583 0.090741
0 0.675000 0.715741 0.121875 0.224074
0 0.724479 0.721759 0.083333 0.217593
0 0.591146 0.490278 0.177083 0.237963
0 0.668490 0.523148 0.093229 0.185185
0 0.729948 0.507870 0.098437 0.321296
0 0.783333 0.539352 0.060417 0.265741
0 0.788281 0.701389 0.061979 0.202778
0 0.830469 0.680093 0.066146 0.232407
0 0.866406 0.656481 0.049479 0.188889
0 0.900260 0.635185 0.040104 0.185185
0 0.900781 0.332870 0.076563 0.128704
0 0.769010 0.232870 0.082812 0.173148
0 0.617708 0.088426 0.128125 0.080556
0 0.420312 0.194907 0.155208 0.100926
0 0.285156 0.336574 0.199479 0.191667
0 0.213281 0.438426 0.073438 0.110185
0 0.333854 0.461574 0.123958 0.141667
0 0.194271 0.677315 0.133333 0.202778
0 0.244792 0.807870 0.103125 0.112037
0 0.212240 0.845833 0.130729 0.145370
0 0.132812 0.762500 0.085417 0.076852
0 0.072917 0.775926 0.089583 0.120370
0 0.075260 0.668519 0.090104 0.087037