0 0.586719 0.453704 0.113021 0.275926
0 0.772656 0.545370 0.073438 0.211111
0 0.836979 0.483333 0.092708 0.153704
0 0.922396 0.603704 0.053125 0.192593
0 0.703646 0.728704 0.171875 0.107407
0 0.742708 0.662963 0.104167 0.118519
0 0.583073 0.839352 0.183854 0.143519
0 0.664062 0.263889 0.139583 0.242593
0 0.723437 0.265741 0.122917 0.198148
0 0.720052 0.183333 0.116146 0.179630
0 0.855208 0.183796 0.089583 0.169444
0 0.906250 0.321759 0.056250 0.158333
0 0.893490 0.622222 0.055729 0.203704
0 0.844010 0.640278 0.078646 0.171296
0 0.419271 0.853241 0.155208 0.165741
0 0.380729 0.780556 0.155208 0.194444
0 0.234115 0.844444 0.123438 0.092593
0 0.379688 0.285648 0.160417 0.173148
0 0.399740 0.165278 0.174479 0.130556
0 0.404427 0.108796 0.151562 0.089815
0 0.587500 0.103241 0.156250 0.121296
0 0.236979 0.181019 0.062500 0.097222
0 0.213542 0.242130 0.079167 0.130556
0 0.148958 0.303241 0.073958 0.176852
0 0.065365 0.424074 0.065104 0.155556
0 0.066146 0.557407 0.052083 0.155556
0 0.076302 0.708796 0.046354 0.163889
0 0.093490 0.824074 0.080729 0.083333