0 0.658854 0.779167 0.102083 0.204630
0 0.536198 0.875463 0.160938 0.126852
0 0.399479 0.844444 0.155208 0.122222
0 0.429688 0.877315 0.156250 0.086111
0 0.388802 0.770370 0.165104 0.127778
0 0.430208 0.675463 0.194792 0.143519
0 0.296354 0.846296 0.128125 0.153704
0 0.832031 0.655556 0.114062 0.183333
0 0.883073 0.640741 0.052604 0.150000
0 0.895833 0.595833 0.059375 0.106481
0 0.903646 0.524074 0.072917 0.120370
0 0.915625 0.401852 0.051042 0.159259
0 0.613281 0.487500 0.175521 0.126852
0 0.530469 0.296296 0.111979 0.231481
0 0.409375 0.241204 0.155208 0.134259
0 0.346615 0.153241 0.107813 0.139815
0 0.260937 0.274537 0.066667 0.232407
0 0.180469 0.317130 0.100521 0.104630
0 0.157292 0.389815 0.098958 0.085185
0 0.177604 0.444907 0.121875 0.128704
0 0.208333 0.564352 0.105208 0.110185
0 0.120052 0.575926 0.048438 0.188889
0 0.097917 0.475926 0.037500 0.094444
0 0.076563 0.509259 0.052083 0.185185
0 0.063542 0.561111 0.046875 0.155556
0 0.076823 0.709722 0.046354 0.137963
0 0.111198 0.817130 0.064062 0.076852
0 0.169531 0.795833 0.109896 0.112037