0 0.145264 0.808594 0.079590 0.095052
0 0.075195 0.700521 0.039062 0.130208
0 0.326416 0.849284 0.137207 0.134766
0 0.495117 0.868164 0.196289 0.104818
0 0.640137 0.754557 0.096680 0.222656
0 0.217285 0.538737 0.110352 0.167318
0 0.145996 0.337565 0.085938 0.090495
0 0.130859 0.462565 0.063477 0.150391
0 0.092285 0.532227 0.065430 0.179036
0 0.060791 0.558594 0.039551 0.130208
0 0.055176 0.485026 0.021484 0.082031
0 0.061279 0.381836 0.051270 0.149089
0 0.105225 0.343099 0.045410 0.153646
0 0.315674 0.181315 0.149902 0.108724
0 0.527588 0.084961 0.148926 0.083984
0 0.738770 0.095052 0.099609 0.067708
0 0.813477 0.129232 0.090820 0.083984
0 0.932861 0.435547 0.065918 0.153646
0 0.901123 0.530924 0.081543 0.080078
0 0.625977 0.551432 0.080078 0.246094
0 0.647217 0.283529 0.192871 0.120443
0 0.649902 0.364909 0.166992 0.128255
0 0.782715 0.275716 0.071289 0.163411
0 0.727539 0.477539 0.130859 0.164714
0 0.801270 0.448893 0.056641 0.210286
0 0.757324 0.367839 0.087891 0.196615
0 0.765625 0.598633 0.151367 0.129557
0 0.791504 0.684245 0.141602 0.144531