0 0.604167 0.768981 0.175000 0.169444
0 0.603125 0.829167 0.161458 0.108333
0 0.498177 0.800463 0.148438 0.193519
0 0.373698 0.860648 0.110937 0.108333
0 0.297396 0.849074 0.151042 0.155556
0 0.189323 0.824074 0.069271 0.094444
0 0.131771 0.804630 0.056250 0.098148
0 0.061719 0.305093 0.058854 0.132407
0 0.066146 0.493981 0.050000 0.163889
0 0.058594 0.587963 0.060937 0.164815
0 0.253125 0.215741 0.064583 0.161111
0 0.356510 0.185185 0.163021 0.151852
0 0.350521 0.360185 0.108333 0.225926
0 0.407292 0.486111 0.188542 0.155556
0 0.547656 0.303241 0.164062 0.132407
0 0.584896 0.447685 0.103125 0.260185
0 0.677344 0.424074 0.150521 0.157407
0 0.690625 0.536574 0.170833 0.137963
0 0.934635 0.474537 0.075521 0.125000
0 0.886458 0.521759 0.069792 0.206481
0 0.868750 0.629630 0.091667 0.185185
0 0.920312 0.619444 0.037500 0.185185
0 0.889583 0.308333 0.071875 0.157407
0 0.869271 0.186111 0.075000 0.150000
0 0.680729 0.094444 0.126042 0.088889
0 0.542969 0.085648 0.143229 0.086111
0 0.416667 0.124074 0.136458 0.120370
0 0.516927 0.927315 0.179688 0.104630