0 0.064941 0.266602 0.070312 0.091797
0 0.052490 0.372721 0.054199 0.123047
0 0.137939 0.244792 0.102051 0.101562
0 0.074707 0.460286 0.051758 0.127604
0 0.069580 0.596354 0.044434 0.144531
0 0.255127 0.185872 0.060059 0.113932
0 0.300049 0.226888 0.084473 0.167318
0 0.372559 0.151693 0.092773 0.188802
0 0.510986 0.093750 0.154785 0.089844
0 0.685303 0.103516 0.113770 0.075521
0 0.633057 0.086263 0.093262 0.070964
0 0.758545 0.117513 0.107910 0.113932
0 0.841064 0.128581 0.062988 0.064453
0 0.883545 0.228190 0.050293 0.138672
0 0.927979 0.498698 0.043457 0.173177
0 0.678467 0.694336 0.075684 0.249349
0 0.612549 0.844401 0.149902 0.132812
0 0.418213 0.884115 0.188965 0.113281
0 0.478516 0.840495 0.177734 0.105469
0 0.263672 0.846680 0.123047 0.119141
0 0.174561 0.816732 0.082520 0.133464
0 0.089111 0.787109 0.091309 0.096354
0 0.082764 0.717448 0.045410 0.114583
0 0.157715 0.655599 0.073242 0.188802
0 0.236816 0.526693 0.154297 0.147135
0 0.268311 0.611003 0.139160 0.132161
0 0.454102 0.530273 0.123047 0.134766
0 0.367188 0.548828 0.120117 0.289062