0 0.496875 0.854167 0.123958 0.236111
0 0.384896 0.851852 0.090625 0.251852
0 0.336979 0.859722 0.069792 0.232407
0 0.269531 0.885648 0.099479 0.141667
0 0.320052 0.644907 0.078646 0.228704
0 0.327865 0.502315 0.149479 0.195370
0 0.143229 0.815741 0.072917 0.179630
0 0.638281 0.862500 0.094271 0.199074
0 0.728906 0.731481 0.176563 0.101852
0 0.729167 0.639352 0.169792 0.145370
0 0.657031 0.535648 0.153646 0.195370
0 0.909115 0.613426 0.068229 0.169444
0 0.955990 0.551389 0.043229 0.065741
0 0.918750 0.456019 0.052083 0.149074
0 0.869792 0.358333 0.081250 0.092593
0 0.710677 0.066667 0.136979 0.112963
0 0.602865 0.080556 0.094271 0.072222
0 0.547656 0.099537 0.079687 0.193519
0 0.458854 0.143056 0.067708 0.141667
0 0.484635 0.275463 0.217188 0.175000
0 0.366667 0.132407 0.122917 0.153704
0 0.214323 0.194444 0.119271 0.124074
0 0.079687 0.257870 0.076042 0.073148
0 0.073438 0.332870 0.092708 0.112037
0 0.055990 0.467593 0.075521 0.161111
0 0.052604 0.623148 0.068750 0.114815
0 0.058073 0.701852 0.071354 0.129630
0 0.100781 0.809259 0.056771 0.068519