0 0.072656 0.424074 0.059896 0.161111
0 0.077083 0.509259 0.044792 0.157407
0 0.053906 0.544907 0.019271 0.121296
0 0.069010 0.662037 0.039062 0.164815
0 0.101823 0.730093 0.070312 0.117593
0 0.116406 0.802315 0.078646 0.106481
0 0.239323 0.843056 0.101562 0.112037
0 0.330208 0.832407 0.080208 0.166667
0 0.406771 0.789352 0.126042 0.206481
0 0.428385 0.860185 0.146354 0.133333
0 0.852865 0.655093 0.067187 0.173148
0 0.895833 0.636574 0.031250 0.165741
0 0.691667 0.719444 0.165625 0.187037
0 0.921615 0.605093 0.051562 0.180556
0 0.902344 0.476389 0.092188 0.115741
0 0.856771 0.290278 0.070833 0.213889
0 0.906510 0.319907 0.043229 0.152778
0 0.885156 0.288426 0.042188 0.134259
0 0.855729 0.172222 0.095833 0.142593
0 0.587240 0.081019 0.147396 0.075000
0 0.685156 0.294907 0.136979 0.158333
0 0.491406 0.363889 0.179688 0.150000
0 0.422396 0.322685 0.172917 0.108333
0 0.372656 0.279630 0.163021 0.092593
0 0.386458 0.189352 0.157292 0.112037
0 0.409115 0.111574 0.153646 0.086111
0 0.238021 0.206019 0.078125 0.126852
0 0.202604 0.320370 0.119792 0.129630