0 0.434896 0.813889 0.192708 0.090741
0 0.738802 0.460648 0.118229 0.195370
0 0.690625 0.563426 0.167708 0.123148
0 0.660156 0.788426 0.110937 0.230556
0 0.598958 0.777315 0.105208 0.237963
0 0.455729 0.867593 0.178125 0.111111
0 0.309375 0.875463 0.129167 0.117593
0 0.192188 0.840741 0.108333 0.103704
0 0.116667 0.817130 0.052083 0.076852
0 0.080990 0.736574 0.039062 0.149074
0 0.066667 0.331944 0.045833 0.100926
0 0.097396 0.311111 0.061458 0.112963
0 0.223958 0.313426 0.125000 0.199074
0 0.140885 0.431481 0.069271 0.138889
0 0.091667 0.528241 0.075000 0.112037
0 0.055469 0.555093 0.028646 0.143519
0 0.075521 0.617130 0.032292 0.067593
0 0.211458 0.183333 0.114583 0.101852
0 0.362500 0.178704 0.127083 0.111111
0 0.372917 0.118056 0.068750 0.056481
0 0.746875 0.106019 0.083333 0.113889
0 0.802083 0.137500 0.052083 0.152778
0 0.864583 0.187037 0.066667 0.137037
0 0.901823 0.312037 0.048438 0.124074
0 0.913542 0.437963 0.058333 0.146296
0 0.918229 0.539815 0.073958 0.057407
0 0.857031 0.638889 0.093229 0.127778
0 0.796875 0.365278 0.078125 0.187963