0 0.047656 0.567593 0.060937 0.140741
0 0.082292 0.727778 0.044792 0.142593
0 0.128906 0.800926 0.063021 0.127778
0 0.216146 0.813889 0.086458 0.070370
0 0.217969 0.852778 0.107813 0.083333
0 0.326042 0.891204 0.112500 0.084259
0 0.462760 0.866667 0.158854 0.096296
0 0.350521 0.615278 0.075000 0.265741
0 0.496615 0.485648 0.093229 0.241667
0 0.590104 0.378241 0.161458 0.106481
0 0.468229 0.254630 0.140625 0.140741
0 0.407552 0.158796 0.118229 0.141667
0 0.407813 0.102778 0.071875 0.062963
0 0.498437 0.082870 0.112500 0.063889
0 0.618490 0.079167 0.146354 0.071296
0 0.726042 0.097685 0.085417 0.137963
0 0.568750 0.102315 0.141667 0.080556
0 0.600521 0.141667 0.123958 0.100000
0 0.630208 0.155556 0.117708 0.111111
0 0.693490 0.416667 0.066146 0.253704
0 0.858594 0.161574 0.075521 0.113889
0 0.850781 0.176389 0.051562 0.113889
0 0.888802 0.273148 0.073438 0.127778
0 0.919010 0.524537 0.060937 0.175000
0 0.939063 0.531944 0.020833 0.078704
0 0.857292 0.580093 0.105208 0.065741
0 0.819010 0.679167 0.073438 0.180556
0 0.225521 0.164815 0.090625 0.088889