0 0.852604 0.166204 0.085417 0.147222
0 0.657552 0.106019 0.143229 0.112037
0 0.529948 0.083333 0.130729 0.112963
0 0.508333 0.305093 0.175000 0.136111
0 0.596615 0.398148 0.155729 0.153704
0 0.722917 0.654167 0.106250 0.217593
0 0.608333 0.852315 0.168750 0.123148
0 0.308073 0.845833 0.164062 0.149074
0 0.205990 0.760648 0.075521 0.204630
0 0.158854 0.782407 0.075000 0.116667
0 0.126562 0.808333 0.050000 0.075926
0 0.187760 0.852778 0.074479 0.072222
0 0.173177 0.445833 0.117188 0.136111
0 0.256510 0.359722 0.142187 0.126852
0 0.281771 0.252778 0.115625 0.155556
0 0.377604 0.246296 0.110417 0.157407
0 0.406771 0.161574 0.130208 0.065741
0 0.446354 0.114815 0.115625 0.085185
0 0.830990 0.665741 0.098437 0.174074
0 0.874740 0.636574 0.065104 0.167593
0 0.896615 0.558333 0.050521 0.170370
0 0.917969 0.496296 0.045312 0.153704
0 0.926823 0.457870 0.049479 0.130556
0 0.906510 0.321296 0.053646 0.166667
0 0.060417 0.400000 0.040625 0.162963
0 0.057292 0.492593 0.031250 0.050000
0 0.115365 0.582870 0.071354 0.071296
0 0.071094 0.532870 0.081771 0.052778