0 0.153564 0.333008 0.076660 0.166016
0 0.125488 0.428711 0.078125 0.074870
0 0.087891 0.486328 0.075195 0.066406
0 0.058105 0.473307 0.040039 0.164062
0 0.087891 0.551107 0.060547 0.061849
0 0.066162 0.639323 0.038574 0.144531
0 0.107178 0.606771 0.065918 0.067708
0 0.104980 0.691081 0.053711 0.158203
0 0.107178 0.808919 0.063965 0.077474
0 0.190186 0.833984 0.100098 0.113281
0 0.227539 0.309570 0.106445 0.093099
0 0.322266 0.370768 0.172852 0.125651
0 0.283203 0.258138 0.145508 0.126953
0 0.337646 0.214844 0.110840 0.106771
0 0.394043 0.196940 0.116211 0.134766
0 0.424561 0.105143 0.133301 0.085286
0 0.546143 0.082031 0.137207 0.078125
0 0.665771 0.095052 0.096191 0.075521
0 0.736328 0.125977 0.130859 0.099609
0 0.686768 0.309570 0.091309 0.180339
0 0.653809 0.434570 0.174805 0.093099
0 0.813232 0.538411 0.099121 0.170573
0 0.377686 0.866211 0.166504 0.125651
0 0.528564 0.853841 0.182129 0.116536
0 0.650146 0.768555 0.117676 0.216797
0 0.815430 0.630208 0.125000 0.166667
0 0.879150 0.606771 0.069824 0.136719
0 0.934570 0.419596 0.066406 0.193359