0 0.063542 0.321759 0.048958 0.137963
0 0.177604 0.377778 0.088542 0.127778
0 0.206510 0.433333 0.119271 0.088889
0 0.055990 0.509722 0.026562 0.139815
0 0.253646 0.189815 0.085417 0.066667
0 0.345573 0.319907 0.143229 0.152778
0 0.111719 0.737963 0.090104 0.090741
0 0.079687 0.797685 0.056250 0.062037
0 0.146615 0.826389 0.089063 0.110185
0 0.351042 0.851852 0.109375 0.146296
0 0.491927 0.809259 0.145313 0.183333
0 0.454688 0.097685 0.123958 0.078704
0 0.690365 0.118981 0.082812 0.141667
0 0.720833 0.219907 0.088542 0.169444
0 0.818750 0.105093 0.093750 0.106481
0 0.785677 0.124537 0.092188 0.075000
0 0.812240 0.179630 0.076563 0.059259
0 0.812240 0.286574 0.092188 0.169444
0 0.876302 0.292130 0.063021 0.145370
0 0.872656 0.375926 0.044271 0.112963
0 0.916406 0.436111 0.060937 0.150000
0 0.824740 0.419444 0.075521 0.159259
0 0.778385 0.434259 0.099479 0.150000
0 0.791667 0.531481 0.133333 0.088889
0 0.867969 0.597685 0.057813 0.200926
0 0.912500 0.562500 0.033333 0.078704
0 0.793229 0.632407 0.122917 0.092593
0 0.719010 0.695833 0.118229 0.106481