0 0.108887 0.803385 0.060547 0.102865
0 0.175293 0.821289 0.097656 0.100911
0 0.368896 0.859049 0.159668 0.117839
0 0.511719 0.843750 0.159180 0.132812
0 0.603271 0.863281 0.160645 0.113281
0 0.075439 0.638346 0.053223 0.147786
0 0.106201 0.621419 0.075684 0.076172
0 0.059570 0.484049 0.054688 0.164714
0 0.088135 0.531901 0.060059 0.074219
0 0.063721 0.313802 0.074707 0.130208
0 0.171387 0.348633 0.084961 0.085286
0 0.217529 0.298828 0.112793 0.091146
0 0.286377 0.275391 0.133301 0.153646
0 0.337646 0.218750 0.119629 0.105469
0 0.386719 0.194336 0.109375 0.126953
0 0.423340 0.101888 0.133789 0.085286
0 0.551025 0.084310 0.137207 0.093099
0 0.669434 0.092773 0.104492 0.067057
0 0.738037 0.128255 0.135254 0.113281
0 0.872314 0.184245 0.062012 0.131510
0 0.675781 0.282552 0.071289 0.186198
0 0.659424 0.414388 0.168457 0.111328
0 0.751953 0.293294 0.087891 0.111328
0 0.830811 0.454427 0.088379 0.170573
0 0.793213 0.624349 0.089355 0.203125
0 0.877441 0.569987 0.072266 0.078776
0 0.871826 0.622721 0.100098 0.087891
0 0.931396 0.530599 0.045410 0.145833