0 0.645833 0.343519 0.114583 0.237037
0 0.726823 0.357407 0.065104 0.233333
0 0.745573 0.637963 0.180729 0.088889
0 0.897917 0.639815 0.068750 0.179630
0 0.816927 0.689352 0.150521 0.139815
0 0.690365 0.745370 0.131771 0.101852
0 0.594531 0.843056 0.179688 0.178704
0 0.423177 0.859722 0.158854 0.152778
0 0.387760 0.784722 0.147396 0.189815
0 0.245312 0.838889 0.123958 0.127778
0 0.084115 0.783796 0.100521 0.167593
0 0.374479 0.542593 0.171875 0.101852
0 0.596615 0.475463 0.132812 0.287963
0 0.865365 0.300926 0.063021 0.222222
0 0.859896 0.167130 0.091667 0.150926
0 0.585417 0.093981 0.159375 0.104630
0 0.411979 0.117593 0.154167 0.092593
0 0.402083 0.176389 0.178125 0.110185
0 0.381510 0.273611 0.166146 0.123148
0 0.401562 0.316204 0.163542 0.110185
0 0.355469 0.443981 0.180729 0.225000
0 0.220833 0.467593 0.097917 0.146296
0 0.200000 0.312963 0.123958 0.131481
0 0.095052 0.430093 0.058854 0.193519
0 0.054427 0.433333 0.043229 0.175926
0 0.066406 0.554167 0.049479 0.165741
0 0.226823 0.170833 0.109896 0.080556
0 0.897917 0.306019 0.053125 0.165741