0 0.104736 0.265625 0.069824 0.085938
0 0.144775 0.220703 0.058105 0.070312
0 0.209473 0.183594 0.065430 0.074219
0 0.405273 0.127604 0.135742 0.114583
0 0.343018 0.270182 0.087402 0.139323
0 0.283691 0.193359 0.116211 0.089844
0 0.219482 0.273438 0.099121 0.154948
0 0.167969 0.355469 0.088867 0.065104
0 0.064941 0.469076 0.070312 0.068359
0 0.060791 0.582031 0.069824 0.048177
0 0.072266 0.661133 0.082031 0.110026
0 0.100098 0.795573 0.058594 0.119792
0 0.642578 0.097005 0.155273 0.095052
0 0.758057 0.112305 0.096191 0.113932
0 0.877441 0.273112 0.060547 0.106120
0 0.914795 0.364909 0.043457 0.143880
0 0.867920 0.399089 0.062988 0.164062
0 0.776367 0.358398 0.104492 0.099609
0 0.729492 0.334961 0.079102 0.154297
0 0.888672 0.537109 0.080078 0.192708
0 0.826660 0.589844 0.090820 0.200521
0 0.743408 0.712240 0.120605 0.121094
0 0.655518 0.794922 0.053223 0.174479
0 0.549316 0.775065 0.166992 0.098307
0 0.532959 0.857747 0.192871 0.112630
0 0.369873 0.860677 0.139160 0.070312
0 0.245361 0.860026 0.121582 0.106771
0 0.161865 0.828125 0.076660 0.104167