0 0.125781 0.817593 0.053646 0.085185
0 0.204167 0.842130 0.088542 0.080556
0 0.361719 0.570833 0.179688 0.123148
0 0.198437 0.367593 0.086458 0.200000
0 0.119792 0.445370 0.070833 0.107407
0 0.140885 0.334259 0.057813 0.135185
0 0.124740 0.247222 0.093229 0.061111
0 0.184896 0.220370 0.091667 0.070370
0 0.259635 0.185185 0.085938 0.066667
0 0.386719 0.112037 0.101562 0.062963
0 0.463802 0.110648 0.060937 0.119444
0 0.550521 0.263426 0.164583 0.097222
0 0.423438 0.303704 0.090625 0.240741
0 0.710156 0.285185 0.077604 0.146296
0 0.787240 0.153704 0.076563 0.120370
0 0.869010 0.157870 0.067187 0.134259
0 0.851302 0.236574 0.093229 0.152778
0 0.846875 0.397685 0.083333 0.171296
0 0.886198 0.442130 0.067187 0.136111
0 0.770052 0.474537 0.069271 0.210185
0 0.705469 0.464815 0.105729 0.179630
0 0.936198 0.466204 0.065104 0.063889
0 0.941146 0.564815 0.050000 0.059259
0 0.829688 0.546759 0.082292 0.087963
0 0.881771 0.570833 0.060417 0.052778
0 0.852865 0.683796 0.089063 0.158333
0 0.727865 0.687963 0.158854 0.124074
0 0.627604 0.773611 0.088542 0.182407