0 0.538542 0.899074 0.189583 0.105556
0 0.608333 0.776852 0.118750 0.153704
0 0.663281 0.800000 0.097396 0.187037
0 0.723698 0.673148 0.149479 0.124074
0 0.823177 0.626852 0.078646 0.244444
0 0.905208 0.596759 0.073958 0.167593
0 0.918490 0.403241 0.049479 0.167593
0 0.626563 0.410648 0.143750 0.263889
0 0.481250 0.106019 0.100000 0.143519
0 0.406510 0.126852 0.067187 0.133333
0 0.428125 0.299074 0.172917 0.096296
0 0.324740 0.185185 0.111979 0.183333
0 0.225260 0.235185 0.126562 0.153704
0 0.158854 0.404630 0.104167 0.083333
0 0.178646 0.437963 0.123958 0.125926
0 0.173177 0.521759 0.099479 0.108333
0 0.200781 0.558333 0.097396 0.129630
0 0.116146 0.576852 0.050000 0.187037
0 0.097917 0.505093 0.035417 0.134259
0 0.070312 0.513889 0.051042 0.175926
0 0.061979 0.568519 0.047917 0.150000
0 0.078646 0.668981 0.069792 0.102778
0 0.075260 0.739352 0.031771 0.075000
0 0.104688 0.810185 0.053125 0.087037
0 0.169792 0.810648 0.100000 0.141667
0 0.299740 0.845370 0.126562 0.124074
0 0.386979 0.786574 0.139583 0.162037
0 0.427083 0.864352 0.166667 0.108333