0 0.474609 0.867513 0.150391 0.095703
0 0.331543 0.863932 0.126953 0.113281
0 0.227539 0.846680 0.097656 0.078776
0 0.100342 0.821940 0.059082 0.063151
0 0.097412 0.769857 0.051270 0.068359
0 0.079346 0.749023 0.045410 0.067057
0 0.171631 0.562174 0.058105 0.149089
0 0.165283 0.474609 0.075684 0.162760
0 0.098389 0.442708 0.062988 0.145833
0 0.078125 0.480794 0.047852 0.150391
0 0.052979 0.487305 0.027832 0.134766
0 0.053711 0.325846 0.038086 0.132161
0 0.073975 0.313477 0.058105 0.082682
0 0.206543 0.212565 0.074219 0.100911
0 0.499512 0.063802 0.160156 0.113281
0 0.709961 0.075521 0.114258 0.080729
0 0.618164 0.334310 0.146484 0.182943
0 0.770508 0.247396 0.090820 0.089844
0 0.723389 0.350586 0.094238 0.231120
0 0.909912 0.342773 0.062988 0.141276
0 0.914062 0.434570 0.066406 0.166016
0 0.900146 0.483073 0.080566 0.170573
0 0.792969 0.425781 0.084961 0.229167
0 0.632080 0.494792 0.179199 0.214844
0 0.352051 0.724935 0.171875 0.115234
0 0.529297 0.697917 0.226562 0.104167
0 0.754150 0.645182 0.139160 0.140625
0 0.770996 0.666992 0.147461 0.184245