0 0.082292 0.736574 0.048958 0.139815
0 0.071615 0.595833 0.027604 0.139815
0 0.058594 0.548148 0.026562 0.114815
0 0.119792 0.555093 0.064583 0.171296
0 0.108594 0.424074 0.073438 0.164815
0 0.085156 0.258796 0.071354 0.095370
0 0.316927 0.212037 0.117188 0.138889
0 0.423698 0.095370 0.154688 0.112963
0 0.519271 0.083796 0.044792 0.056481
0 0.685417 0.082407 0.116667 0.107407
0 0.781250 0.095833 0.097917 0.073148
0 0.853646 0.154630 0.067708 0.094444
0 0.886979 0.293981 0.040625 0.152778
0 0.914323 0.310648 0.021354 0.119444
0 0.911198 0.443981 0.061979 0.158333
0 0.917188 0.591667 0.046875 0.125926
0 0.857812 0.644444 0.071875 0.125926
0 0.769010 0.655093 0.106771 0.130556
0 0.692708 0.731019 0.169792 0.178704
0 0.730208 0.482407 0.134375 0.183333
0 0.742188 0.406481 0.142708 0.140741
0 0.453906 0.789352 0.125521 0.121296
0 0.483594 0.874074 0.156771 0.088889
0 0.355208 0.879630 0.130208 0.085185
0 0.161979 0.806944 0.085417 0.047222
0 0.196354 0.851852 0.115625 0.079630
0 0.151042 0.753241 0.094792 0.091667
0 0.113281 0.821296 0.048438 0.068519