0 0.526855 0.090169 0.148438 0.082682
0 0.411133 0.126953 0.135742 0.098958
0 0.371094 0.220703 0.143555 0.156250
0 0.286377 0.239583 0.069824 0.153646
0 0.196045 0.292643 0.111816 0.171224
0 0.213623 0.366536 0.109863 0.167969
0 0.068604 0.591797 0.049316 0.167969
0 0.080078 0.726237 0.044922 0.139974
0 0.115479 0.741211 0.051270 0.128255
0 0.116699 0.794271 0.047852 0.100260
0 0.192139 0.822917 0.109863 0.138021
0 0.240723 0.519206 0.142578 0.189453
0 0.259521 0.600911 0.139160 0.110677
0 0.251953 0.685872 0.111328 0.093099
0 0.277588 0.743815 0.115723 0.098307
0 0.364258 0.701172 0.200195 0.238281
0 0.453369 0.614583 0.210449 0.213542
0 0.485107 0.461914 0.178223 0.120443
0 0.466797 0.865560 0.146484 0.112630
0 0.601318 0.831055 0.170410 0.155599
0 0.744385 0.091146 0.116699 0.070312
0 0.792236 0.147786 0.095215 0.091146
0 0.839355 0.114909 0.075195 0.102214
0 0.895752 0.197266 0.083496 0.160156
0 0.929932 0.501953 0.043457 0.167969
0 0.782959 0.409180 0.110840 0.203776
0 0.823975 0.665365 0.129395 0.091146
0 0.269043 0.362630 0.148438 0.138021