0 0.059896 0.672685 0.063542 0.139815
0 0.064062 0.601389 0.051042 0.154630
0 0.063802 0.499537 0.041146 0.147222
0 0.135156 0.827778 0.055729 0.057407
0 0.194271 0.845833 0.079167 0.078704
0 0.303906 0.862500 0.166146 0.139815
0 0.400781 0.864352 0.143229 0.099074
0 0.603646 0.833796 0.164583 0.121296
0 0.600260 0.792130 0.192188 0.136111
0 0.593490 0.724074 0.182812 0.100000
0 0.477344 0.624074 0.179688 0.151852
0 0.407031 0.488426 0.176563 0.137963
0 0.348177 0.370370 0.134896 0.205556
0 0.616406 0.540741 0.152604 0.198148
0 0.694531 0.555556 0.163021 0.112963
0 0.522396 0.391667 0.187500 0.170370
0 0.419531 0.311111 0.101562 0.253704
0 0.262760 0.212037 0.080729 0.151852
0 0.361719 0.175463 0.155729 0.134259
0 0.412760 0.118981 0.141146 0.091667
0 0.545312 0.088889 0.136458 0.088889
0 0.675260 0.087500 0.126562 0.078704
0 0.866927 0.186574 0.072396 0.141667
0 0.894010 0.312037 0.052604 0.146296
0 0.934375 0.494907 0.065625 0.184259
0 0.922917 0.614815 0.039583 0.166667
0 0.886979 0.627315 0.048958 0.191667
0 0.847396 0.655556 0.066667 0.179630