0 0.055908 0.483724 0.025879 0.147135
0 0.068604 0.486328 0.028809 0.144531
0 0.100830 0.469076 0.056152 0.181641
0 0.158691 0.341146 0.085938 0.125000
0 0.143799 0.441406 0.081543 0.182292
0 0.165527 0.475911 0.089844 0.192708
0 0.180420 0.538411 0.087402 0.184896
0 0.066406 0.771484 0.058594 0.151042
0 0.123291 0.807617 0.076660 0.097005
0 0.227539 0.834961 0.093750 0.106120
0 0.330811 0.870443 0.119629 0.105469
0 0.461426 0.856445 0.193359 0.124349
0 0.807129 0.678385 0.099609 0.076823
0 0.822754 0.606445 0.128906 0.111328
0 0.791260 0.541016 0.133301 0.144531
0 0.914551 0.574870 0.060547 0.111979
0 0.899414 0.484375 0.084961 0.145833
0 0.910889 0.425130 0.069824 0.141927
0 0.904541 0.336263 0.070801 0.137370
0 0.639404 0.465820 0.174316 0.182943
0 0.643799 0.383464 0.177246 0.156250
0 0.736084 0.402018 0.099121 0.207682
0 0.790039 0.400065 0.098633 0.237630
0 0.809326 0.360677 0.085449 0.196615
0 0.793701 0.130208 0.116699 0.115885
0 0.862061 0.182292 0.056152 0.121094
0 0.634277 0.161458 0.106445 0.183594
0 0.479004 0.093750 0.142578 0.082031