0 0.740723 0.697266 0.152344 0.105469
0 0.839600 0.642904 0.094238 0.136068
0 0.902832 0.563802 0.060547 0.139323
0 0.915771 0.431966 0.056152 0.149089
0 0.890625 0.293945 0.061523 0.142578
0 0.814697 0.185547 0.108887 0.111979
0 0.823486 0.119466 0.063965 0.060547
0 0.758301 0.088542 0.093750 0.063802
0 0.715332 0.146810 0.054688 0.145182
0 0.661865 0.083984 0.101074 0.072917
0 0.619385 0.139648 0.155762 0.166016
0 0.609375 0.195638 0.157227 0.128255
0 0.594238 0.244466 0.182617 0.120443
0 0.469971 0.205078 0.101074 0.218750
0 0.322998 0.376953 0.148926 0.104167
0 0.116699 0.268555 0.084961 0.116536
0 0.063232 0.355143 0.045410 0.100911
0 0.075195 0.558919 0.053711 0.158203
0 0.060547 0.596354 0.036133 0.087240
0 0.072510 0.697917 0.040527 0.122396
0 0.122314 0.746745 0.065918 0.139323
0 0.111328 0.806966 0.065430 0.093099
0 0.191650 0.859049 0.100098 0.078776
0 0.203613 0.811849 0.103516 0.127604
0 0.302490 0.747396 0.154785 0.162760
0 0.436279 0.862630 0.163574 0.130208
0 0.603027 0.862305 0.178711 0.085286
0 0.621826 0.793945 0.148926 0.100911