0 0.462500 0.321759 0.090625 0.173148
0 0.579427 0.259259 0.186979 0.122222
0 0.760156 0.375926 0.129688 0.187037
0 0.910156 0.375926 0.057813 0.183333
0 0.852604 0.174537 0.097917 0.173148
0 0.908073 0.614352 0.061979 0.175000
0 0.899219 0.637500 0.044271 0.169444
0 0.852083 0.647685 0.085417 0.202778
0 0.804427 0.646296 0.118229 0.088889
0 0.605469 0.855556 0.172396 0.129630
0 0.662500 0.586111 0.211458 0.224074
0 0.588281 0.509259 0.200521 0.248148
0 0.596094 0.386111 0.143229 0.183333
0 0.404427 0.482407 0.178646 0.148148
0 0.207552 0.423148 0.106771 0.194444
0 0.156510 0.214815 0.095312 0.100000
0 0.271354 0.191204 0.140625 0.104630
0 0.411458 0.158333 0.145833 0.111111
0 0.532813 0.095370 0.167708 0.125926
0 0.099479 0.563426 0.073958 0.191667
0 0.213281 0.788426 0.093229 0.204630
0 0.150000 0.746296 0.051042 0.085185
0 0.183073 0.845833 0.059896 0.075000
0 0.130208 0.818981 0.048958 0.073148
0 0.313021 0.851852 0.159375 0.142593
0 0.055208 0.527778 0.034375 0.166667
0 0.046875 0.605556 0.039583 0.066667
0 0.076823 0.670370 0.081771 0.087037