0 0.056152 0.374674 0.054688 0.145182
0 0.062500 0.555339 0.035156 0.140625
0 0.084473 0.453776 0.060547 0.087240
0 0.131592 0.247396 0.077637 0.089844
0 0.318848 0.180013 0.135742 0.094401
0 0.129395 0.361654 0.061523 0.085286
0 0.135010 0.469401 0.059082 0.130208
0 0.196045 0.530924 0.064941 0.142578
0 0.083252 0.724935 0.046387 0.108724
0 0.142090 0.810221 0.066406 0.083984
0 0.201416 0.821289 0.077637 0.102214
0 0.292725 0.666992 0.132324 0.255859
0 0.324707 0.851562 0.126953 0.122396
0 0.599609 0.852214 0.193359 0.139323
0 0.680908 0.752279 0.090332 0.190755
0 0.608154 0.494792 0.173340 0.131510
0 0.655029 0.363932 0.161621 0.114583
0 0.646729 0.273763 0.154785 0.093099
0 0.753662 0.359049 0.065918 0.214193
0 0.725586 0.484701 0.128906 0.155599
0 0.769287 0.589193 0.144043 0.122396
0 0.799072 0.656901 0.126465 0.098958
0 0.800781 0.446940 0.062500 0.215495
0 0.787354 0.275391 0.065918 0.154948
0 0.906006 0.551432 0.070801 0.145833
0 0.884521 0.199544 0.062988 0.108724
0 0.739014 0.096354 0.088379 0.072917
0 0.812744 0.114909 0.075684 0.063151