0 0.063542 0.331944 0.069792 0.089815
0 0.112500 0.548148 0.065625 0.157407
0 0.182031 0.517593 0.107813 0.120370
0 0.216146 0.422685 0.136458 0.069444
0 0.281250 0.252315 0.142708 0.169444
0 0.228125 0.635185 0.151042 0.200000
0 0.355990 0.511574 0.179688 0.195370
0 0.365104 0.374074 0.161458 0.094444
0 0.412240 0.303241 0.118229 0.149074
0 0.501302 0.277778 0.136979 0.137037
0 0.567708 0.680556 0.202083 0.211111
0 0.659375 0.715741 0.191667 0.127778
0 0.693490 0.564352 0.211979 0.132407
0 0.864844 0.634259 0.116146 0.129630
0 0.852604 0.567130 0.107292 0.110185
0 0.898438 0.466204 0.071875 0.126852
0 0.949479 0.508333 0.045833 0.114815
0 0.806771 0.533796 0.128125 0.071296
0 0.857292 0.443981 0.112500 0.108333
0 0.723437 0.486574 0.156250 0.091667
0 0.751823 0.399074 0.110937 0.137037
0 0.802865 0.326389 0.111979 0.195370
0 0.882552 0.311574 0.105729 0.123148
0 0.677865 0.371296 0.129688 0.135185
0 0.615625 0.282407 0.115625 0.194444
0 0.695833 0.194444 0.158333 0.074074
0 0.652865 0.093981 0.057813 0.149074
0 0.785417 0.159722 0.055208 0.147222