0 0.603906 0.855556 0.169271 0.122222
0 0.788281 0.690278 0.110937 0.141667
0 0.848437 0.656481 0.069792 0.188889
0 0.891927 0.643981 0.036979 0.160185
0 0.908333 0.622685 0.054167 0.171296
0 0.909115 0.369907 0.057813 0.175000
0 0.853646 0.162963 0.092708 0.155556
0 0.764062 0.364815 0.159375 0.153704
0 0.583333 0.262037 0.181250 0.127778
0 0.624740 0.377778 0.149479 0.127778
0 0.595573 0.506481 0.185938 0.242593
0 0.660937 0.593519 0.208333 0.209259
0 0.403385 0.476389 0.180729 0.139815
0 0.464062 0.325926 0.083333 0.161111
0 0.315104 0.855093 0.159375 0.143519
0 0.215365 0.793981 0.097396 0.206481
0 0.151042 0.752315 0.053125 0.076852
0 0.141146 0.810648 0.072917 0.078704
0 0.181510 0.843981 0.054688 0.071296
0 0.112240 0.700926 0.077604 0.120370
0 0.101302 0.521759 0.064062 0.187963
0 0.056250 0.529167 0.038542 0.169444
0 0.076823 0.656019 0.077604 0.112037
0 0.155469 0.215278 0.091146 0.102778
0 0.272917 0.192593 0.141667 0.100000
0 0.411458 0.158333 0.145833 0.129630
0 0.536198 0.097222 0.158854 0.114815
0 0.041927 0.600463 0.029687 0.076852