0 0.079948 0.494444 0.042188 0.146296
0 0.054167 0.481019 0.025000 0.167593
0 0.080990 0.401389 0.049479 0.136111
0 0.253906 0.219907 0.113021 0.178704
0 0.337500 0.176852 0.140625 0.131481
0 0.336719 0.355556 0.101562 0.235185
0 0.403385 0.487963 0.176563 0.168519
0 0.394531 0.300000 0.157812 0.187037
0 0.378385 0.232870 0.125521 0.191667
0 0.412500 0.124537 0.131250 0.102778
0 0.537240 0.089352 0.153646 0.100926
0 0.581510 0.409259 0.131771 0.227778
0 0.740885 0.268056 0.131771 0.132407
0 0.714583 0.391204 0.086458 0.250926
0 0.866406 0.191204 0.081771 0.150926
0 0.927604 0.469444 0.041667 0.153704
0 0.922917 0.615741 0.034375 0.164815
0 0.892708 0.620833 0.062500 0.202778
0 0.858333 0.652778 0.070833 0.188889
0 0.658073 0.566667 0.195312 0.194444
0 0.604948 0.855093 0.167187 0.125000
0 0.444792 0.771759 0.082292 0.228704
0 0.313281 0.869444 0.157812 0.118519
0 0.196615 0.857407 0.086979 0.075926
0 0.128646 0.809259 0.059375 0.087037
0 0.216667 0.822222 0.116667 0.075926
0 0.177865 0.762037 0.084896 0.083333
0 0.213542 0.717130 0.135417 0.160185