0 0.314453 0.322917 0.157227 0.216146
0 0.370850 0.201172 0.154785 0.109375
0 0.408203 0.116536 0.136719 0.092448
0 0.243896 0.222005 0.055176 0.160156
0 0.271729 0.265951 0.066895 0.177734
0 0.204834 0.342448 0.086426 0.118490
0 0.193848 0.458659 0.097656 0.151693
0 0.249268 0.529622 0.136230 0.199870
0 0.243408 0.623698 0.132324 0.117188
0 0.259033 0.762370 0.112793 0.138021
0 0.296143 0.841146 0.161621 0.122396
0 0.467041 0.854167 0.142090 0.121094
0 0.115479 0.432943 0.060059 0.171875
0 0.073730 0.408529 0.066406 0.129557
0 0.077881 0.474284 0.054199 0.130859
0 0.072266 0.599284 0.053711 0.134766
0 0.074707 0.718750 0.030273 0.130208
0 0.106445 0.756510 0.061523 0.121094
0 0.120850 0.802734 0.050293 0.082031
0 0.189453 0.737305 0.089844 0.126953
0 0.181885 0.845378 0.091309 0.090495
0 0.539062 0.095052 0.144531 0.105469
0 0.661865 0.110026 0.123535 0.114583
0 0.735107 0.112956 0.087402 0.098307
0 0.800049 0.124023 0.086426 0.077474
0 0.603760 0.837240 0.159668 0.132812
0 0.700928 0.701823 0.107910 0.171875
0 0.761475 0.717448 0.131348 0.111979