0 0.379150 0.873047 0.156738 0.082031
0 0.533936 0.852865 0.175293 0.110677
0 0.653076 0.773763 0.135254 0.224609
0 0.816406 0.592448 0.091797 0.230469
0 0.895996 0.246745 0.062500 0.178385
0 0.735107 0.121745 0.131348 0.105469
0 0.664062 0.075521 0.108398 0.067708
0 0.778564 0.384115 0.076660 0.188802
0 0.696777 0.332682 0.115234 0.235677
0 0.635498 0.486979 0.113770 0.252604
0 0.537354 0.084635 0.143066 0.071615
0 0.410889 0.108073 0.131348 0.096354
0 0.388184 0.205078 0.134766 0.128906
0 0.326416 0.210286 0.095215 0.096354
0 0.286865 0.256836 0.153809 0.102214
0 0.240967 0.319010 0.112793 0.096354
0 0.306641 0.419596 0.148438 0.149089
0 0.305908 0.510417 0.143066 0.153646
0 0.075195 0.296224 0.055664 0.128906
0 0.066162 0.447591 0.058105 0.149089
0 0.125732 0.424154 0.077637 0.111328
0 0.120605 0.477865 0.067383 0.122396
0 0.135010 0.552734 0.075684 0.179688
0 0.083496 0.572266 0.048828 0.160156
0 0.062500 0.587565 0.030273 0.134766
0 0.070557 0.638021 0.051270 0.139323
0 0.110107 0.808919 0.064941 0.093099
0 0.188232 0.838867 0.106934 0.094401