0 0.109375 0.249674 0.080078 0.103516
0 0.059082 0.346029 0.055664 0.143880
0 0.095703 0.394857 0.054688 0.117839
0 0.068848 0.459961 0.026367 0.149089
0 0.048584 0.466146 0.020996 0.121094
0 0.098389 0.531250 0.046387 0.170573
0 0.063721 0.604818 0.053223 0.162760
0 0.079346 0.751953 0.050293 0.160156
0 0.143311 0.821615 0.082520 0.088542
0 0.195557 0.729492 0.065918 0.151693
0 0.212891 0.779948 0.049805 0.147135
0 0.283936 0.739583 0.124512 0.128906
0 0.302490 0.834310 0.136230 0.078776
0 0.316895 0.888346 0.146484 0.063151
0 0.472900 0.794922 0.169434 0.130208
0 0.539551 0.865885 0.159180 0.108073
0 0.616455 0.619466 0.082520 0.214193
0 0.349121 0.517253 0.177734 0.139974
0 0.290771 0.377604 0.156738 0.148438
0 0.361084 0.144531 0.058105 0.138021
0 0.434570 0.095703 0.121094 0.098958
0 0.640381 0.101888 0.095215 0.126953
0 0.703613 0.476888 0.086914 0.225911
0 0.802002 0.258138 0.088379 0.216797
0 0.908936 0.263021 0.076660 0.130208
0 0.875732 0.428060 0.080566 0.143880
0 0.925049 0.420247 0.034668 0.132161
0 0.875000 0.616536 0.085938 0.080729