0 0.063965 0.562826 0.044922 0.162109
0 0.077637 0.701172 0.050781 0.136719
0 0.109131 0.807292 0.063965 0.101562
0 0.133545 0.738281 0.089355 0.096354
0 0.140137 0.802409 0.083008 0.054036
0 0.185303 0.855143 0.090332 0.060547
0 0.313477 0.862956 0.134766 0.107422
0 0.426758 0.847656 0.146484 0.087240
0 0.589844 0.850911 0.189453 0.102865
0 0.687988 0.753255 0.159180 0.139323
0 0.614014 0.742188 0.171387 0.145833
0 0.665283 0.621419 0.128418 0.155599
0 0.572510 0.616862 0.111816 0.244141
0 0.870605 0.618490 0.103516 0.136719
0 0.910645 0.488281 0.064453 0.139323
0 0.915527 0.443034 0.054688 0.154297
0 0.889893 0.294271 0.058105 0.145833
0 0.828613 0.153971 0.071289 0.077474
0 0.807129 0.111003 0.085938 0.052734
0 0.723877 0.144206 0.062012 0.141276
0 0.647461 0.149414 0.119141 0.163411
0 0.664795 0.083984 0.115723 0.080729
0 0.614746 0.188151 0.098633 0.174479
0 0.505371 0.402344 0.167969 0.117188
0 0.356201 0.371419 0.196777 0.176432
0 0.516357 0.084961 0.154785 0.069661
0 0.392090 0.251628 0.096680 0.152995
0 0.160889 0.410156 0.105957 0.158854