0 0.316406 0.178060 0.154297 0.107422
0 0.211914 0.524740 0.108398 0.131510
0 0.140137 0.304362 0.070312 0.097005
0 0.133545 0.362305 0.071777 0.093099
0 0.081787 0.452148 0.056152 0.097005
0 0.062012 0.558919 0.041992 0.154297
0 0.097900 0.747070 0.062012 0.091797
0 0.218262 0.834961 0.103516 0.106120
0 0.331055 0.849609 0.133789 0.132812
0 0.477051 0.866536 0.162109 0.115885
0 0.768066 0.679688 0.152344 0.173177
0 0.769043 0.613932 0.144531 0.128906
0 0.884521 0.608724 0.070801 0.128906
0 0.888916 0.333008 0.085449 0.095703
0 0.912842 0.532227 0.079590 0.090495
0 0.859619 0.493164 0.134277 0.110026
0 0.742920 0.503581 0.132324 0.145182
0 0.598145 0.519531 0.191406 0.121094
0 0.650879 0.343424 0.163086 0.167318
0 0.745605 0.359701 0.057617 0.233724
0 0.637939 0.256510 0.167480 0.123698
0 0.654785 0.180990 0.187500 0.121094
0 0.724609 0.090820 0.115234 0.162109
0 0.808350 0.114583 0.089355 0.065104
0 0.788818 0.278971 0.070801 0.163411
0 0.798340 0.422526 0.059570 0.171875
0 0.134766 0.486979 0.063477 0.175781
0 0.143799 0.829753 0.075684 0.090495