0 0.462760 0.097685 0.151562 0.108333
0 0.646094 0.085185 0.146354 0.092593
0 0.558854 0.088889 0.031250 0.062963
0 0.605729 0.182407 0.067708 0.155556
0 0.859635 0.198611 0.056771 0.130556
0 0.904687 0.323148 0.053125 0.146296
0 0.923438 0.504167 0.048958 0.162037
0 0.918490 0.626389 0.029687 0.158333
0 0.869792 0.605556 0.069792 0.207407
0 0.848698 0.650000 0.076563 0.196296
0 0.808073 0.691667 0.079687 0.153704
0 0.721615 0.696296 0.089063 0.214815
0 0.620833 0.836111 0.145833 0.148148
0 0.470052 0.869907 0.183854 0.100926
0 0.412500 0.631019 0.198958 0.115741
0 0.359896 0.730556 0.105208 0.216667
0 0.296615 0.865741 0.131771 0.100000
0 0.195833 0.793056 0.098958 0.073148
0 0.184115 0.850000 0.073438 0.064815
0 0.092188 0.772685 0.053125 0.108333
0 0.125000 0.824537 0.034375 0.052778
0 0.053646 0.633333 0.053125 0.127778
0 0.063542 0.547222 0.029167 0.059259
0 0.056250 0.467593 0.040625 0.131481
0 0.063802 0.706944 0.045312 0.130556
0 0.214323 0.196759 0.110937 0.106481
0 0.307812 0.252315 0.098958 0.141667
0 0.375260 0.168519 0.100521 0.162963