0 0.493896 0.255208 0.192871 0.108073
0 0.067627 0.367839 0.050293 0.162760
0 0.070557 0.586914 0.051270 0.164714
0 0.079834 0.726562 0.046387 0.130208
0 0.105469 0.756185 0.046875 0.102214
0 0.114258 0.784505 0.047852 0.106771
0 0.179932 0.819661 0.090332 0.136719
0 0.270508 0.870117 0.123047 0.085286
0 0.465820 0.844401 0.151367 0.152344
0 0.605957 0.842773 0.175781 0.120443
0 0.378662 0.555339 0.118652 0.315104
0 0.234619 0.503255 0.162598 0.114583
0 0.258545 0.611003 0.161621 0.112630
0 0.222900 0.201823 0.157715 0.119792
0 0.207764 0.160807 0.102051 0.083333
0 0.395508 0.111003 0.117188 0.124349
0 0.510010 0.082357 0.150879 0.078776
0 0.624756 0.098633 0.101074 0.164714
0 0.683350 0.083008 0.064941 0.061849
0 0.752441 0.086914 0.108398 0.069661
0 0.847900 0.158529 0.082520 0.143880
0 0.884521 0.238607 0.039551 0.110026
0 0.815674 0.253906 0.088379 0.186198
0 0.824707 0.433594 0.080078 0.226562
0 0.930908 0.498698 0.039551 0.173177
0 0.868652 0.612630 0.096680 0.171875
0 0.772217 0.660482 0.080566 0.208984
0 0.756348 0.154297 0.135742 0.093750