0 0.267822 0.858724 0.128418 0.100260
0 0.178467 0.822591 0.097168 0.136068
0 0.086426 0.733724 0.050781 0.143229
0 0.069580 0.591797 0.045410 0.157552
0 0.238525 0.526367 0.137207 0.155599
0 0.264160 0.646159 0.143555 0.136068
0 0.374268 0.552734 0.136230 0.290365
0 0.054688 0.460612 0.068359 0.110026
0 0.261719 0.382161 0.152344 0.115885
0 0.263184 0.226237 0.123047 0.185547
0 0.160156 0.251953 0.111328 0.074219
0 0.149902 0.201823 0.096680 0.062500
0 0.082520 0.277344 0.059570 0.069010
0 0.367188 0.174805 0.131836 0.113932
0 0.510254 0.084961 0.151367 0.074870
0 0.649658 0.077474 0.133301 0.069010
0 0.752197 0.111979 0.104980 0.113281
0 0.610840 0.482747 0.209961 0.164714
0 0.838379 0.118815 0.077148 0.056641
0 0.883057 0.225586 0.055176 0.145182
0 0.865967 0.358398 0.145020 0.098307
0 0.843994 0.586589 0.101074 0.170573
0 0.931885 0.461589 0.031738 0.091146
0 0.916748 0.533203 0.068848 0.147135
0 0.477539 0.724935 0.199219 0.099609
0 0.424072 0.879557 0.198730 0.092448
0 0.471191 0.843099 0.178711 0.121094
0 0.613281 0.850586 0.155273 0.124349