0 0.540365 0.052315 0.147396 0.080556
0 0.597917 0.142593 0.173958 0.100000
0 0.441146 0.166204 0.177083 0.147222
0 0.457292 0.068056 0.103125 0.073148
0 0.392188 0.108333 0.105208 0.083333
0 0.803125 0.150463 0.116667 0.115741
0 0.840365 0.129630 0.040104 0.059259
0 0.769792 0.284259 0.125000 0.092593
0 0.751042 0.463889 0.078125 0.211111
0 0.911198 0.505093 0.057813 0.150926
0 0.921094 0.627315 0.030729 0.143519
0 0.882812 0.632407 0.063542 0.161111
0 0.857552 0.664815 0.043229 0.159259
0 0.806771 0.643056 0.086458 0.195370
0 0.658594 0.838889 0.134896 0.212963
0 0.470833 0.897222 0.173958 0.148148
0 0.274479 0.897222 0.127083 0.081481
0 0.202865 0.817593 0.093229 0.157407
0 0.352083 0.468519 0.158333 0.192593
0 0.207552 0.248148 0.142187 0.192593
0 0.202083 0.187037 0.082292 0.094444
0 0.137760 0.245370 0.042188 0.155556
0 0.179948 0.536574 0.081771 0.210185
0 0.050781 0.588889 0.060937 0.192593
0 0.079167 0.727778 0.086458 0.068519
0 0.139844 0.804630 0.068229 0.103704
0 0.088802 0.791667 0.048438 0.051852
0 0.117969 0.855093 0.077604 0.082407