0 0.674561 0.279948 0.119629 0.204427
0 0.651855 0.416016 0.176758 0.122396
0 0.747803 0.497070 0.094238 0.223307
0 0.820312 0.535807 0.079102 0.154948
0 0.887451 0.597982 0.070801 0.151693
0 0.806641 0.669271 0.139648 0.123698
0 0.600342 0.876628 0.180176 0.142578
0 0.524658 0.845703 0.156738 0.121094
0 0.343506 0.829427 0.099121 0.201823
0 0.372314 0.868490 0.156738 0.134115
0 0.183594 0.832031 0.100586 0.108073
0 0.102295 0.807292 0.062988 0.102865
0 0.102051 0.621745 0.083008 0.071615
0 0.072998 0.643555 0.059082 0.159505
0 0.086182 0.532552 0.068848 0.109375
0 0.061035 0.474284 0.041992 0.150391
0 0.130371 0.427409 0.083984 0.115234
0 0.083008 0.253906 0.081055 0.113281
0 0.086182 0.324544 0.069824 0.125651
0 0.150391 0.304036 0.069336 0.097656
0 0.232666 0.308919 0.104980 0.104818
0 0.283936 0.277344 0.144043 0.161458
0 0.332764 0.212565 0.112793 0.112630
0 0.386719 0.197591 0.121094 0.128255
0 0.424561 0.102865 0.147949 0.098958
0 0.550537 0.092773 0.140137 0.085286
0 0.668945 0.100911 0.093750 0.085938
0 0.733154 0.122721 0.147949 0.111328