0 0.062744 0.558594 0.046387 0.162760
0 0.077637 0.701497 0.062500 0.126953
0 0.107422 0.805664 0.053711 0.087891
0 0.129883 0.798503 0.063477 0.138672
0 0.151367 0.811198 0.073242 0.123698
0 0.228760 0.842773 0.085449 0.115234
0 0.283936 0.794922 0.066895 0.227865
0 0.333496 0.773438 0.065430 0.197917
0 0.362793 0.812826 0.078125 0.166016
0 0.394043 0.848958 0.108398 0.167969
0 0.468994 0.878255 0.131348 0.105469
0 0.720459 0.733398 0.068848 0.199870
0 0.864990 0.628255 0.096191 0.091146
0 0.922607 0.434245 0.040527 0.164062
0 0.879150 0.301107 0.046387 0.146484
0 0.907715 0.297852 0.035156 0.120443
0 0.870117 0.166992 0.047852 0.108724
0 0.829102 0.145182 0.058594 0.097656
0 0.791260 0.264974 0.112793 0.135417
0 0.684326 0.127279 0.104004 0.078776
0 0.668213 0.068685 0.104980 0.064453
0 0.616699 0.142578 0.104492 0.174479
0 0.492920 0.151042 0.162598 0.098958
0 0.437256 0.417643 0.202637 0.212891
0 0.387207 0.329753 0.104492 0.210286
0 0.300049 0.403971 0.069824 0.222005
0 0.195312 0.514974 0.122070 0.227865
0 0.222168 0.451497 0.092773 0.133464