0 0.060937 0.535648 0.038542 0.154630
0 0.071354 0.673148 0.047917 0.094444
0 0.113021 0.700926 0.088542 0.057407
0 0.167969 0.799074 0.050521 0.109259
0 0.214062 0.866667 0.097917 0.068519
0 0.214844 0.804630 0.081771 0.083333
0 0.391146 0.859722 0.130208 0.125000
0 0.472396 0.854630 0.136458 0.153704
0 0.671615 0.779630 0.100521 0.188889
0 0.199479 0.238426 0.122917 0.130556
0 0.280208 0.448611 0.169792 0.130556
0 0.324479 0.343981 0.123958 0.221296
0 0.378125 0.145833 0.175000 0.143519
0 0.454948 0.118056 0.075521 0.078704
0 0.492188 0.076389 0.129167 0.052778
0 0.557292 0.109259 0.129167 0.101852
0 0.626302 0.072685 0.141146 0.063889
0 0.612500 0.131019 0.129167 0.084259
0 0.632031 0.156944 0.136979 0.082407
0 0.645312 0.207870 0.117708 0.097222
0 0.620313 0.377778 0.140625 0.183333
0 0.638021 0.357870 0.143750 0.189815
0 0.740885 0.390278 0.146354 0.219444
0 0.906250 0.578704 0.060417 0.142593
0 0.919792 0.415741 0.047917 0.161111
0 0.889323 0.274074 0.071354 0.131481
0 0.889844 0.231944 0.063021 0.123148
0 0.811198 0.098611 0.111979 0.080556