0 0.075439 0.682943 0.030762 0.109375
0 0.061768 0.551432 0.035645 0.152344
0 0.086670 0.456380 0.059082 0.091146
0 0.064209 0.397135 0.044434 0.109375
0 0.079346 0.268880 0.075684 0.097656
0 0.139893 0.312826 0.065918 0.113932
0 0.107910 0.357747 0.035156 0.123047
0 0.140625 0.476562 0.059570 0.173177
0 0.209473 0.533854 0.091797 0.145833
0 0.318359 0.179036 0.140625 0.096354
0 0.660645 0.184570 0.141602 0.141276
0 0.772949 0.277344 0.096680 0.156250
0 0.641357 0.273763 0.144043 0.123047
0 0.646729 0.341797 0.163574 0.096354
0 0.739990 0.379557 0.071777 0.217448
0 0.799805 0.433919 0.067383 0.203776
0 0.620361 0.534505 0.193848 0.097656
0 0.755615 0.631185 0.144043 0.182943
0 0.771729 0.677734 0.145020 0.166667
0 0.637939 0.825195 0.185059 0.159505
0 0.474365 0.875000 0.157715 0.098958
0 0.329346 0.859375 0.135254 0.105469
0 0.224365 0.839518 0.091309 0.083984
0 0.146484 0.827799 0.070312 0.068359
0 0.861328 0.161133 0.085938 0.126953
0 0.914551 0.332357 0.066406 0.162109
0 0.898682 0.459635 0.083496 0.161458
0 0.914062 0.547852 0.077148 0.085286