0 0.633301 0.514648 0.190430 0.150391
0 0.321533 0.175456 0.137207 0.094401
0 0.490234 0.081055 0.146484 0.060547
0 0.142090 0.475260 0.044922 0.179688
0 0.169434 0.545247 0.074219 0.077474
0 0.480469 0.869141 0.157227 0.098958
0 0.142090 0.823242 0.059570 0.051432
0 0.222900 0.841471 0.086426 0.077474
0 0.068359 0.680013 0.037109 0.108724
0 0.800049 0.427409 0.068848 0.210286
0 0.741455 0.375651 0.069824 0.212240
0 0.065430 0.399740 0.041016 0.089844
0 0.061768 0.556966 0.026855 0.150391
0 0.072266 0.457357 0.031250 0.094401
0 0.099121 0.452148 0.056641 0.117839
0 0.115234 0.355143 0.049805 0.100911
0 0.135742 0.323568 0.060547 0.121094
0 0.213135 0.412109 0.126465 0.105469
0 0.327637 0.859049 0.121094 0.103516
0 0.664062 0.217122 0.157227 0.100911
0 0.643066 0.270833 0.147461 0.105469
0 0.647705 0.356771 0.161621 0.100260
0 0.778564 0.286458 0.064941 0.154948
0 0.917969 0.381836 0.041992 0.134766
0 0.902344 0.452799 0.080078 0.159505
0 0.883301 0.624349 0.081055 0.114583
0 0.771240 0.661458 0.143066 0.195312
0 0.750732 0.626628 0.123535 0.181641