0 0.463802 0.076852 0.131771 0.125926
0 0.597656 0.081944 0.132812 0.080556
0 0.420312 0.120370 0.100000 0.098148
0 0.324219 0.137037 0.125521 0.179630
0 0.213542 0.206481 0.111458 0.129630
0 0.133594 0.370370 0.065104 0.196296
0 0.064323 0.474537 0.044271 0.162037
0 0.063021 0.611574 0.036458 0.154630
0 0.065104 0.706481 0.052083 0.088889
0 0.111458 0.769444 0.071875 0.092593
0 0.120052 0.821296 0.077604 0.070370
0 0.226823 0.805556 0.141146 0.157407
0 0.196094 0.853704 0.061979 0.072222
0 0.291667 0.864815 0.086458 0.094444
0 0.425781 0.869907 0.188021 0.115741
0 0.593750 0.790741 0.136458 0.203704
0 0.648958 0.779167 0.098958 0.202778
0 0.724219 0.705093 0.099479 0.249074
0 0.798438 0.636111 0.087500 0.174074
0 0.860156 0.644907 0.071354 0.206481
0 0.887760 0.585185 0.064062 0.150000
0 0.922656 0.628241 0.023438 0.165741
0 0.929948 0.457870 0.038021 0.150926
0 0.861198 0.178241 0.073438 0.167593
0 0.596875 0.306944 0.162500 0.200926
0 0.433073 0.533333 0.092188 0.279630
0 0.486458 0.429167 0.088542 0.221296
0 0.327083 0.652778 0.094792 0.246296