0 0.178125 0.160648 0.054167 0.173148
0 0.310156 0.343519 0.158854 0.111111
0 0.251823 0.580093 0.134896 0.130556
0 0.152344 0.798611 0.046354 0.208333
0 0.200260 0.851852 0.111979 0.125926
0 0.220312 0.943519 0.162500 0.088889
0 0.425781 0.531481 0.144271 0.183333
0 0.442448 0.962500 0.148438 0.071296
0 0.558333 0.927315 0.129167 0.076852
0 0.663281 0.912963 0.093229 0.079630
0 0.493490 0.080556 0.148438 0.085185
0 0.739583 0.223148 0.070833 0.062963
0 0.807031 0.397685 0.040104 0.097222
0 0.800781 0.547685 0.025521 0.084259
0 0.807552 0.657870 0.029687 0.108333
0 0.810417 0.730556 0.037500 0.068519
0 0.795052 0.769907 0.038021 0.037963
0 0.774479 0.795833 0.052083 0.037963
0 0.737240 0.843981 0.081771 0.071296
0 0.741146 0.738426 0.054167 0.080556