0 0.170833 0.149537 0.069792 0.154630
0 0.202083 0.184722 0.080208 0.247222
0 0.296354 0.200000 0.161458 0.122222
0 0.307292 0.086111 0.110417 0.129630
0 0.542969 0.158333 0.129688 0.138889
0 0.603906 0.196759 0.081771 0.152778
0 0.599219 0.400000 0.095312 0.262963
0 0.779687 0.331944 0.042708 0.121296
0 0.772396 0.434259 0.052083 0.105556
0 0.777604 0.556944 0.034375 0.152778
0 0.778385 0.677778 0.035937 0.120370
0 0.756510 0.776852 0.047396 0.120370
0 0.777865 0.773611 0.035937 0.082407
0 0.718490 0.845370 0.078646 0.075926
0 0.644792 0.894907 0.134375 0.110185
0 0.519010 0.936111 0.148438 0.112963
0 0.474740 0.898148 0.167187 0.148148
0 0.405469 0.853704 0.170313 0.159259
0 0.378385 0.902778 0.093229 0.192593
0 0.235937 0.942130 0.160417 0.113889
0 0.178125 0.911111 0.083333 0.142593
0 0.284635 0.749074 0.105729 0.285185
0 0.366927 0.768056 0.102604 0.250926
0 0.164062 0.497222 0.063542 0.279630
0 0.328385 0.412037 0.146354 0.183333
0 0.516667 0.408333 0.136458 0.201852
0 0.617969 0.488426 0.078646 0.176852