0 0.179948 0.914815 0.061979 0.168519
0 0.231771 0.928241 0.055208 0.137963
0 0.271615 0.943519 0.068229 0.111111
0 0.336198 0.942593 0.094271 0.112963
0 0.419792 0.920370 0.076042 0.157407
0 0.795833 0.767593 0.042708 0.107407
0 0.813802 0.742593 0.036979 0.105556
0 0.824219 0.716204 0.046354 0.080556
0 0.677604 0.694444 0.094792 0.148148
0 0.222656 0.711111 0.102604 0.181481
0 0.260677 0.525463 0.092188 0.228704
0 0.204948 0.453704 0.063021 0.220370
0 0.219792 0.330556 0.105208 0.150000
0 0.214323 0.210648 0.060937 0.184259
0 0.296875 0.213889 0.121875 0.183333
0 0.279687 0.119444 0.050000 0.153704
0 0.334896 0.150926 0.065625 0.192593
0 0.478125 0.160185 0.148958 0.124074
0 0.471875 0.102778 0.163542 0.101852
0 0.600521 0.141204 0.104167 0.104630
0 0.731250 0.158333 0.088542 0.070370