0 0.175521 0.136111 0.051042 0.151852
0 0.198177 0.137037 0.049479 0.153704
0 0.229948 0.127778 0.064062 0.148148
0 0.260937 0.133796 0.068750 0.167593
0 0.302344 0.114352 0.084896 0.136111
0 0.375521 0.137500 0.079167 0.195370
0 0.293750 0.206019 0.085417 0.165741
0 0.204427 0.279630 0.097396 0.092593
0 0.300000 0.293519 0.103125 0.151852
0 0.238021 0.377315 0.063542 0.193519
0 0.201042 0.397222 0.070833 0.153704
0 0.173698 0.477315 0.039062 0.176852
0 0.213281 0.568981 0.079687 0.223148
0 0.251302 0.724074 0.072396 0.212963
0 0.286979 0.625000 0.103125 0.150000
0 0.315104 0.544444 0.106250 0.146296
0 0.314583 0.443056 0.091667 0.163889
0 0.351042 0.346759 0.118750 0.108333
0 0.382552 0.398611 0.126562 0.102778
0 0.754167 0.206481 0.068750 0.072222
0 0.779427 0.241204 0.044271 0.078704