0 0.203646 0.176389 0.050000 0.169444
0 0.252865 0.381019 0.075521 0.217593
0 0.214323 0.406481 0.048438 0.220370
0 0.231250 0.562500 0.069792 0.204630
0 0.258333 0.731481 0.121875 0.161111
0 0.238021 0.836111 0.071875 0.151852
0 0.350521 0.862963 0.139583 0.127778
0 0.397396 0.713889 0.086458 0.224074
0 0.365104 0.583796 0.139583 0.225000
0 0.327344 0.525463 0.095312 0.226852
0 0.291667 0.459722 0.102083 0.256481
0 0.396615 0.325926 0.158854 0.164815
0 0.461719 0.841204 0.060937 0.191667
0 0.498698 0.913889 0.131771 0.109259
0 0.602604 0.897222 0.105208 0.081481
0 0.795573 0.166204 0.084896 0.110185
0 0.542969 0.057870 0.169271 0.106481
0 0.449740 0.109722 0.102604 0.104630
0 0.395833 0.069907 0.135417 0.134259