0 0.180208 0.217130 0.032292 0.187963
0 0.209375 0.206944 0.048958 0.189815
0 0.277865 0.191204 0.093229 0.152778
0 0.203646 0.431481 0.073958 0.248148
0 0.272656 0.325463 0.121354 0.175000
0 0.277083 0.108796 0.092708 0.108333
0 0.352344 0.104630 0.124479 0.127778
0 0.563281 0.112963 0.135937 0.081481
0 0.751823 0.195370 0.063021 0.064815
0 0.230208 0.514352 0.088542 0.254630
0 0.258594 0.569444 0.054688 0.233333
0 0.229687 0.730093 0.100000 0.112037
0 0.203125 0.791667 0.066667 0.209259
0 0.219531 0.939352 0.070312 0.119444
0 0.285417 0.943519 0.089583 0.111111
0 0.379688 0.933796 0.071875 0.125000
0 0.545573 0.956019 0.148438 0.086111
0 0.678385 0.877778 0.088021 0.116667
0 0.705469 0.887963 0.069271 0.090741
0 0.766406 0.766667 0.064062 0.087037
0 0.786458 0.823148 0.041667 0.079630