0 0.570573 0.149074 0.113021 0.155556
0 0.488281 0.064352 0.159896 0.106481
0 0.330729 0.075463 0.154167 0.119444
0 0.225781 0.112500 0.064062 0.123148
0 0.200521 0.206019 0.048958 0.200926
0 0.509115 0.453704 0.144271 0.111111
0 0.547656 0.535648 0.138021 0.126852
0 0.596875 0.644907 0.125000 0.165741
0 0.762240 0.792593 0.078646 0.114815
0 0.457552 0.764815 0.166146 0.100000
0 0.242188 0.901389 0.087500 0.113889
0 0.526823 0.931481 0.121354 0.081481
0 0.649740 0.848611 0.093229 0.175000
0 0.620573 0.798148 0.066146 0.111111
0 0.522656 0.769907 0.074479 0.228704
0 0.667708 0.735185 0.113542 0.062963
0 0.586719 0.801852 0.061979 0.170370
0 0.573438 0.905093 0.111458 0.139815
0 0.368750 0.122685 0.150000 0.104630