0 0.319010 0.082407 0.151562 0.085185
0 0.258073 0.151852 0.118229 0.061111
0 0.239583 0.208796 0.106250 0.073148
0 0.213802 0.300000 0.063021 0.220370
0 0.265885 0.316204 0.082812 0.169444
0 0.300781 0.283333 0.079687 0.162963
0 0.401823 0.274537 0.130729 0.149074
0 0.390104 0.355093 0.156250 0.145370
0 0.346354 0.499074 0.121875 0.224074
0 0.315104 0.534722 0.102083 0.228704
0 0.233073 0.468981 0.079687 0.202778
0 0.301042 0.619444 0.156250 0.181481
0 0.247656 0.631944 0.095312 0.132407
0 0.290625 0.738426 0.108333 0.175000
0 0.229167 0.702315 0.076042 0.225000
0 0.217448 0.763889 0.057813 0.218519
0 0.503646 0.922685 0.141667 0.117593
0 0.634896 0.910185 0.120833 0.068519
0 0.655469 0.854167 0.113021 0.102778