0 0.174479 0.141667 0.048958 0.151852
0 0.177083 0.308333 0.058333 0.209259
0 0.194792 0.525000 0.091667 0.153704
0 0.189844 0.877778 0.115104 0.098148
0 0.397656 0.939352 0.127604 0.087963
0 0.450521 0.955556 0.155208 0.085185
0 0.407813 0.492130 0.120833 0.241667
0 0.377344 0.375000 0.113021 0.164815
0 0.571094 0.780093 0.146354 0.100926
0 0.567708 0.893056 0.088542 0.130556
0 0.673698 0.923611 0.107813 0.084259
0 0.691667 0.851852 0.088542 0.066667
0 0.739062 0.815278 0.054167 0.115741
0 0.763802 0.780556 0.044271 0.122222
0 0.798698 0.779630 0.027604 0.096296
0 0.814323 0.742130 0.027604 0.108333
0 0.794792 0.651852 0.048958 0.057407
0 0.802604 0.525926 0.031250 0.116667
0 0.503646 0.221759 0.108333 0.165741
0 0.485677 0.087500 0.144271 0.082407