0 0.403125 0.076852 0.158333 0.064815
0 0.390365 0.135648 0.161979 0.080556
0 0.259115 0.148611 0.102604 0.176852
0 0.209896 0.187963 0.064583 0.200000
0 0.230990 0.380093 0.077604 0.210185
0 0.286458 0.448148 0.121875 0.133333
0 0.350521 0.485648 0.072917 0.239815
0 0.423177 0.428704 0.100521 0.244444
0 0.216406 0.586574 0.046354 0.237963
0 0.239583 0.628241 0.051042 0.245370
0 0.272917 0.639815 0.072917 0.253704
0 0.313021 0.700000 0.088542 0.209259
0 0.238021 0.837037 0.089583 0.187037
0 0.392708 0.666667 0.121875 0.220370
0 0.430990 0.699074 0.116146 0.222222
0 0.410417 0.819907 0.143750 0.137963
0 0.354948 0.898148 0.170313 0.109259
0 0.485156 0.856481 0.143229 0.155556
0 0.505729 0.940741 0.151042 0.070370