0 0.166927 0.174537 0.052604 0.223148
0 0.288281 0.191204 0.159896 0.149074
0 0.181250 0.565278 0.087500 0.099074
0 0.152604 0.805556 0.048958 0.192593
0 0.177083 0.889352 0.115625 0.139815
0 0.339844 0.769444 0.125521 0.257407
0 0.425781 0.079630 0.156771 0.087037
0 0.543229 0.152778 0.115625 0.112963
0 0.595573 0.166667 0.102604 0.096296
0 0.496094 0.581481 0.142187 0.120370
0 0.587240 0.478704 0.081771 0.218519
0 0.588021 0.672222 0.071875 0.229630
0 0.625000 0.518981 0.046875 0.195370
0 0.636198 0.381481 0.084896 0.116667
0 0.497656 0.855093 0.177604 0.115741
0 0.478385 0.929167 0.165104 0.100926
0 0.532292 0.920370 0.140625 0.118519
0 0.633333 0.875926 0.092708 0.144444
0 0.697396 0.851852 0.052083 0.081481
0 0.755990 0.781481 0.039062 0.127778
0 0.777865 0.778704 0.022396 0.083333
0 0.779427 0.679630 0.035937 0.120370
0 0.724740 0.267593 0.054688 0.112963
0 0.742969 0.418519 0.047396 0.144444
0 0.778646 0.332407 0.034375 0.122222
0 0.781771 0.456944 0.032292 0.132407
0 0.778385 0.568981 0.033854 0.150926