0 0.167708 0.282870 0.039583 0.137963
0 0.228646 0.368056 0.068750 0.237963
0 0.210938 0.468056 0.104167 0.169444
0 0.192188 0.509722 0.075000 0.163889
0 0.196094 0.624537 0.058854 0.237963
0 0.171094 0.680093 0.053646 0.228704
0 0.165365 0.855093 0.044271 0.171296
0 0.184375 0.146759 0.068750 0.145370
0 0.238021 0.204630 0.058333 0.166667
0 0.305469 0.089352 0.129688 0.117593
0 0.312500 0.221759 0.103125 0.113889
0 0.455729 0.053241 0.157292 0.080556
0 0.593229 0.094444 0.133333 0.081481
0 0.545312 0.266667 0.120833 0.161111
0 0.431250 0.965741 0.157292 0.066667
0 0.693490 0.872222 0.076563 0.096296
0 0.769531 0.769907 0.038021 0.136111
0 0.785937 0.757407 0.031250 0.133333
0 0.807813 0.756019 0.016667 0.112037
0 0.754948 0.233333 0.046354 0.079630