0 0.192448 0.205093 0.056771 0.162037
0 0.207292 0.337037 0.073958 0.205556
0 0.223438 0.452315 0.106250 0.213889
0 0.225260 0.520833 0.105729 0.208333
0 0.256510 0.538889 0.081771 0.209259
0 0.270313 0.635648 0.078125 0.239815
0 0.335156 0.519444 0.114062 0.205556
0 0.222917 0.683333 0.069792 0.244444
0 0.183073 0.732870 0.034896 0.212037
0 0.186458 0.890741 0.034375 0.155556
0 0.212760 0.884722 0.039062 0.176852
0 0.240104 0.865741 0.040625 0.179630
0 0.290365 0.842593 0.082812 0.187037
0 0.331510 0.676852 0.128646 0.174074
0 0.377344 0.751852 0.148438 0.118519
0 0.346875 0.845833 0.133333 0.100926
0 0.375260 0.878704 0.136979 0.131481
0 0.326823 0.961111 0.149479 0.075926
0 0.431771 0.925926 0.089583 0.146296
0 0.574479 0.951389 0.128125 0.086111