0 0.160156 0.611111 0.049479 0.251852
0 0.153125 0.813889 0.065625 0.137037
0 0.342187 0.763426 0.131250 0.256481
0 0.169271 0.909259 0.090625 0.151852
0 0.471875 0.910185 0.172917 0.124074
0 0.519531 0.921759 0.129688 0.141667
0 0.590104 0.717593 0.061458 0.225926
0 0.586979 0.856944 0.091667 0.167593
0 0.628646 0.875926 0.104167 0.151852
0 0.721354 0.847685 0.056250 0.063889
0 0.727865 0.803704 0.076563 0.111111
0 0.759635 0.771759 0.026562 0.108333
0 0.782552 0.678704 0.036979 0.116667
0 0.773177 0.774537 0.032813 0.080556
0 0.588281 0.510185 0.055729 0.250000
0 0.626302 0.504167 0.042188 0.230556
0 0.637500 0.372685 0.090625 0.121296
0 0.163802 0.155093 0.043229 0.202778
0 0.229167 0.075926 0.129167 0.105556
0 0.289844 0.187963 0.153646 0.155556
0 0.542448 0.144907 0.110937 0.108333
0 0.593490 0.170833 0.099479 0.099074
0 0.730208 0.277315 0.047917 0.102778
0 0.780469 0.332407 0.034896 0.135185
0 0.742969 0.416667 0.046354 0.159259
0 0.774219 0.484259 0.053646 0.068519
0 0.780990 0.560648 0.033854 0.130556