0 0.170573 0.882870 0.073438 0.189815
0 0.278385 0.897685 0.098437 0.202778
0 0.362240 0.775463 0.092188 0.273148
0 0.516406 0.940741 0.158854 0.103704
0 0.711979 0.843981 0.068750 0.084259
0 0.761979 0.792130 0.033333 0.113889
0 0.713021 0.764352 0.070833 0.097222
0 0.776823 0.739815 0.033854 0.118519
0 0.783854 0.675926 0.030208 0.124074
0 0.780729 0.555556 0.036458 0.146296
0 0.778385 0.440741 0.030729 0.105556
0 0.780208 0.328704 0.035417 0.127778
0 0.744531 0.409259 0.049479 0.150000
0 0.708594 0.625926 0.068229 0.118519
0 0.615625 0.472685 0.110417 0.100926
0 0.512240 0.428241 0.121354 0.226852
0 0.690625 0.248148 0.080208 0.083333
0 0.668750 0.195370 0.075000 0.111111
0 0.589323 0.178241 0.101562 0.121296
0 0.545833 0.144444 0.112500 0.111111
0 0.454688 0.089352 0.155208 0.106481
0 0.382812 0.107870 0.077083 0.182407
0 0.304167 0.085648 0.123958 0.130556
0 0.297656 0.209722 0.134896 0.186111
0 0.224740 0.253241 0.063021 0.297222
0 0.170573 0.214352 0.065104 0.156481
0 0.168490 0.465278 0.061979 0.282407