0 0.492448 0.066667 0.176563 0.098148
0 0.554427 0.123611 0.143229 0.136111
0 0.573698 0.181481 0.118229 0.122222
0 0.213021 0.189352 0.075000 0.171296
0 0.233854 0.386574 0.088542 0.204630
0 0.230208 0.592593 0.068750 0.246296
0 0.283073 0.496759 0.105729 0.212037
0 0.366927 0.648611 0.123438 0.213889
0 0.296875 0.637500 0.121875 0.099074
0 0.251042 0.756019 0.059375 0.215741
0 0.236458 0.822222 0.081250 0.185185
0 0.290365 0.781019 0.067187 0.215741
0 0.311198 0.777315 0.049479 0.175000
0 0.379427 0.802315 0.102604 0.173148
0 0.402865 0.857407 0.120313 0.151852
0 0.464062 0.873611 0.104167 0.134259
0 0.447917 0.736111 0.140625 0.157407
0 0.489063 0.911574 0.125000 0.132407
0 0.562760 0.909259 0.115104 0.148148