0 0.220833 0.130556 0.053125 0.172222
0 0.306510 0.091667 0.080729 0.138889
0 0.476042 0.067130 0.156250 0.119444
0 0.720313 0.138426 0.087500 0.121296
0 0.210677 0.206019 0.065104 0.189815
0 0.215625 0.410185 0.048958 0.244444
0 0.244010 0.612037 0.091146 0.177778
0 0.260677 0.738889 0.118229 0.161111
0 0.366927 0.911574 0.122396 0.141667
0 0.433333 0.911574 0.128125 0.154630
0 0.512240 0.912500 0.141146 0.125000
0 0.632552 0.901389 0.109896 0.089815
0 0.719531 0.853241 0.082812 0.106481
0 0.854427 0.687500 0.034896 0.115741
0 0.785937 0.483796 0.054167 0.123148
0 0.802604 0.541204 0.035417 0.167593
0 0.688021 0.452778 0.091667 0.214815
0 0.634896 0.596759 0.094792 0.184259
0 0.558854 0.561574 0.106250 0.245370