0 0.178125 0.414815 0.060417 0.237037
0 0.207813 0.337500 0.104167 0.202778
0 0.160156 0.756019 0.044271 0.187963
0 0.183854 0.792593 0.060417 0.177778
0 0.461458 0.936574 0.158333 0.106481
0 0.545312 0.913426 0.128125 0.095370
0 0.642448 0.875926 0.106771 0.111111
0 0.698177 0.850000 0.035937 0.103704
0 0.777604 0.790741 0.041667 0.072222
0 0.795312 0.752778 0.029167 0.072222
0 0.532031 0.665278 0.126562 0.086111
0 0.552865 0.465278 0.084896 0.241667
0 0.590365 0.325926 0.068229 0.190741
0 0.712500 0.232870 0.045833 0.180556
0 0.751563 0.201852 0.056250 0.066667
0 0.790885 0.297685 0.020313 0.115741
0 0.609375 0.125926 0.118750 0.088889
0 0.474219 0.073148 0.143229 0.094444
0 0.230729 0.073148 0.098958 0.122222
0 0.173177 0.168056 0.049479 0.158333