0 0.488542 0.043519 0.180208 0.057407
0 0.541927 0.092130 0.147396 0.069444
0 0.570573 0.171296 0.135937 0.112963
0 0.236458 0.163426 0.095833 0.195370
0 0.197656 0.184722 0.069271 0.195370
0 0.233073 0.384722 0.079687 0.197222
0 0.273177 0.504167 0.110937 0.213889
0 0.228646 0.590741 0.088542 0.214815
0 0.238021 0.817130 0.083333 0.202778
0 0.257031 0.768056 0.082812 0.202778
0 0.313542 0.812500 0.065625 0.186111
0 0.459115 0.626389 0.150521 0.254630
0 0.432552 0.670370 0.134896 0.157407
0 0.402604 0.700926 0.143750 0.155556
0 0.419271 0.812500 0.161458 0.121296
0 0.464583 0.867130 0.117708 0.169444
0 0.495833 0.912037 0.115625 0.116667
0 0.612760 0.810185 0.082812 0.188889
0 0.564844 0.912963 0.116146 0.137037