0 0.164062 0.157407 0.053125 0.211111
0 0.197656 0.295833 0.078646 0.210185
0 0.289844 0.187963 0.155729 0.170370
0 0.541146 0.155093 0.120833 0.134259
0 0.595052 0.173611 0.107813 0.106481
0 0.731250 0.223148 0.064583 0.083333
0 0.778125 0.334722 0.035417 0.132407
0 0.753385 0.408796 0.033854 0.149074
0 0.779167 0.464815 0.052083 0.103704
0 0.779167 0.568519 0.033333 0.131481
0 0.694792 0.656481 0.076042 0.087037
0 0.780729 0.680556 0.030208 0.112963
0 0.775260 0.774537 0.036979 0.086111
0 0.758073 0.750000 0.040104 0.088889
0 0.748958 0.800000 0.068750 0.094444
0 0.724740 0.838889 0.068229 0.074074
0 0.629687 0.881481 0.113542 0.133333
0 0.519010 0.928241 0.138021 0.141667
0 0.474740 0.909722 0.168229 0.134259
0 0.396615 0.908333 0.139063 0.181481
0 0.336979 0.772685 0.135417 0.258333
0 0.176563 0.681481 0.088542 0.203704
0 0.181510 0.909259 0.086979 0.138889
0 0.177344 0.507407 0.076563 0.262963
0 0.580990 0.523611 0.098437 0.215741
0 0.617448 0.493519 0.053646 0.238889
0 0.581250 0.719907 0.054167 0.254630