0 0.168229 0.162037 0.046875 0.196296
0 0.184896 0.369907 0.076042 0.213889
0 0.161979 0.528704 0.035417 0.174074
0 0.186458 0.683796 0.065625 0.260185
0 0.177344 0.814815 0.083854 0.205556
0 0.317448 0.916667 0.055729 0.161111
0 0.487500 0.951389 0.109375 0.095370
0 0.593229 0.927778 0.110417 0.088889
0 0.652604 0.867130 0.079167 0.084259
0 0.721615 0.845833 0.065104 0.076852
0 0.741667 0.800926 0.051042 0.070370
0 0.785937 0.818056 0.043750 0.049074
0 0.790104 0.766204 0.040625 0.054630
0 0.794792 0.686111 0.025000 0.096296
0 0.796875 0.296296 0.027083 0.103704
0 0.673698 0.153704 0.072396 0.070370
0 0.603646 0.175000 0.105208 0.122222
0 0.576042 0.444444 0.063542 0.233333
0 0.539323 0.090278 0.134896 0.084259
0 0.219271 0.088889 0.053125 0.125926