0 0.251302 0.607407 0.108854 0.164815
0 0.456510 0.536111 0.075521 0.281481
0 0.636719 0.597222 0.106771 0.185185
0 0.629167 0.679630 0.128125 0.146296
0 0.579427 0.805556 0.127604 0.188889
0 0.773438 0.519444 0.065625 0.100000
0 0.837500 0.714815 0.037500 0.114815
0 0.807552 0.790278 0.058854 0.080556
0 0.726823 0.866667 0.103646 0.103704
0 0.648438 0.869444 0.071875 0.103704
0 0.515885 0.922685 0.159896 0.108333
0 0.353385 0.930556 0.153646 0.131481
0 0.215365 0.412963 0.051562 0.248148
0 0.228385 0.113889 0.106771 0.168519
0 0.211198 0.233333 0.063021 0.137037
0 0.313021 0.095833 0.072917 0.137963
0 0.464844 0.050926 0.141146 0.077778
0 0.611719 0.093981 0.082812 0.186111
0 0.850781 0.218056 0.039062 0.125000