0 0.251302 0.166667 0.054688 0.177778
0 0.223958 0.201852 0.048958 0.175926
0 0.183594 0.224074 0.073438 0.174074
0 0.180208 0.345833 0.100000 0.073148
0 0.279687 0.276389 0.104167 0.171296
0 0.176823 0.422222 0.085938 0.079630
0 0.178906 0.483796 0.069271 0.071296
0 0.181771 0.593519 0.077083 0.098148
0 0.250521 0.428241 0.082292 0.234259
0 0.214583 0.668056 0.026042 0.171296
0 0.248958 0.600926 0.057292 0.222222
0 0.275260 0.643519 0.071354 0.266667
0 0.304688 0.775926 0.059375 0.212963
0 0.334635 0.713889 0.072396 0.198148
0 0.359896 0.626852 0.123958 0.187037
0 0.475260 0.700000 0.132812 0.116667
0 0.383594 0.550463 0.139063 0.145370
0 0.300260 0.424537 0.058854 0.230556
0 0.369010 0.412963 0.095312 0.098148
0 0.395573 0.281019 0.085938 0.175000