0 0.444531 0.087963 0.152604 0.081481
0 0.250000 0.155093 0.125000 0.110185
0 0.186979 0.221296 0.054167 0.183333
0 0.208854 0.400926 0.081250 0.148148
0 0.234115 0.570833 0.100521 0.212037
0 0.209896 0.625000 0.089583 0.218519
0 0.212760 0.735648 0.077604 0.182407
0 0.201823 0.829167 0.067187 0.200926
0 0.224740 0.948611 0.111979 0.073148
0 0.491667 0.721759 0.118750 0.206481
0 0.448437 0.848611 0.146875 0.093519
0 0.400781 0.928241 0.158854 0.110185
0 0.456510 0.955093 0.148438 0.087963
0 0.530208 0.840741 0.125000 0.192593
0 0.614583 0.865741 0.077083 0.157407
0 0.655729 0.744444 0.073958 0.177778
0 0.692187 0.907407 0.092708 0.105556
0 0.776563 0.804167 0.058333 0.071296
0 0.788802 0.780093 0.053646 0.093519
0 0.800521 0.685648 0.041667 0.130556
0 0.467448 0.958796 0.151562 0.080556