0 0.417708 0.896296 0.150000 0.124074
0 0.436719 0.962963 0.159896 0.072222
0 0.176042 0.807870 0.076042 0.195370
0 0.175000 0.689352 0.054167 0.223148
0 0.170573 0.468519 0.054688 0.242593
0 0.276823 0.705093 0.098437 0.112037
0 0.270313 0.588426 0.150000 0.171296
0 0.215885 0.386111 0.082812 0.187037
0 0.199479 0.264352 0.101042 0.106481
0 0.161198 0.142593 0.030729 0.157407
0 0.199740 0.161574 0.061979 0.171296
0 0.245312 0.127778 0.088542 0.155556
0 0.290104 0.103704 0.105208 0.122222
0 0.375000 0.130556 0.088542 0.150000
0 0.446354 0.068519 0.138542 0.085185
0 0.282292 0.354167 0.107292 0.139815
0 0.317969 0.409259 0.080729 0.092593
0 0.309115 0.478704 0.149479 0.096296
0 0.387500 0.542593 0.089583 0.255556
0 0.797135 0.317130 0.030729 0.112037