0 0.204427 0.787037 0.056771 0.218519
0 0.230208 0.822685 0.058333 0.186111
0 0.250781 0.793981 0.055729 0.197222
0 0.293229 0.802778 0.058333 0.179630
0 0.331510 0.846759 0.124479 0.150926
0 0.448177 0.864352 0.132812 0.073148
0 0.468229 0.904167 0.139583 0.071296
0 0.507031 0.714352 0.105729 0.162037
0 0.533854 0.642130 0.107292 0.162037
0 0.591667 0.696759 0.081250 0.213889
0 0.728646 0.755093 0.073958 0.099074
0 0.155208 0.168519 0.021875 0.168519
0 0.188542 0.175000 0.051042 0.198148
0 0.216927 0.101389 0.086979 0.134259
0 0.275000 0.118519 0.051042 0.162963
0 0.188542 0.261111 0.057292 0.231481
0 0.222396 0.179630 0.069792 0.185185
0 0.309635 0.110648 0.058854 0.173148
0 0.348698 0.106481 0.069271 0.164815
0 0.422396 0.042593 0.142708 0.083333