0 0.175000 0.237500 0.047917 0.199074
0 0.173698 0.511574 0.055729 0.256481
0 0.163021 0.785185 0.041667 0.222222
0 0.464323 0.562963 0.131771 0.101852
0 0.532031 0.924537 0.116146 0.091667
0 0.690104 0.862500 0.080208 0.078704
0 0.765365 0.789352 0.059896 0.099074
0 0.772917 0.730093 0.021875 0.060185
0 0.794792 0.777778 0.032292 0.062963
0 0.805469 0.564815 0.032813 0.112963
0 0.781771 0.508796 0.045833 0.049074
0 0.746875 0.337037 0.051042 0.157407
0 0.794792 0.312500 0.021875 0.089815
0 0.798698 0.263889 0.045312 0.048148
0 0.747396 0.216667 0.057292 0.055556
0 0.685677 0.169907 0.074479 0.060185
0 0.592448 0.109722 0.120313 0.093519
0 0.489583 0.069444 0.125000 0.081481
0 0.398958 0.052778 0.126042 0.103704
0 0.271615 0.099537 0.084896 0.145370