0 0.178385 0.443056 0.070312 0.223148
0 0.565885 0.583333 0.076563 0.201852
0 0.165625 0.640278 0.048958 0.215741
0 0.188281 0.815278 0.074479 0.184259
0 0.161458 0.833333 0.045833 0.177778
0 0.421354 0.926852 0.158333 0.138889
0 0.555729 0.930093 0.117708 0.091667
0 0.562500 0.767593 0.098958 0.162963
0 0.614583 0.907407 0.107292 0.137037
0 0.674219 0.872222 0.080729 0.096296
0 0.736719 0.782870 0.069271 0.056481
0 0.746094 0.837963 0.072396 0.074074
0 0.785417 0.771296 0.031250 0.088889
0 0.799479 0.723148 0.023958 0.124074
0 0.803906 0.556019 0.036979 0.123148
0 0.792448 0.284722 0.034896 0.117593
0 0.166927 0.203704 0.039062 0.151852
0 0.185417 0.143519 0.052083 0.144444
0 0.332552 0.114352 0.136979 0.095370
0 0.422917 0.064352 0.128125 0.071296