0 0.167448 0.174074 0.046354 0.225926
0 0.291406 0.184259 0.149479 0.155556
0 0.426302 0.063426 0.129688 0.126852
0 0.542708 0.150926 0.115625 0.120370
0 0.597396 0.169444 0.105208 0.088889
0 0.513021 0.533796 0.129167 0.249074
0 0.778646 0.681481 0.030208 0.118519
0 0.776302 0.566667 0.034896 0.129630
0 0.742448 0.417593 0.049479 0.162963
0 0.726042 0.279630 0.052083 0.112963
0 0.776563 0.336111 0.031250 0.124074
0 0.787240 0.450000 0.040104 0.114815
0 0.763021 0.751389 0.020833 0.058333
0 0.771875 0.791204 0.034375 0.104630
0 0.746875 0.795370 0.053125 0.092593
0 0.727865 0.841667 0.065104 0.068519
0 0.630469 0.876389 0.098437 0.134259
0 0.604167 0.697685 0.087500 0.212037
0 0.585417 0.482870 0.077083 0.232407
0 0.634635 0.381481 0.088021 0.129630
0 0.624740 0.517130 0.050521 0.197222
0 0.166146 0.603241 0.053125 0.234259
0 0.340104 0.768981 0.125000 0.256481
0 0.476823 0.901389 0.167187 0.141667
0 0.532292 0.911111 0.139583 0.138889
0 0.154948 0.812037 0.054688 0.179630
0 0.174740 0.896296 0.097396 0.131481