0 0.629167 0.211574 0.127083 0.149074
0 0.331771 0.347685 0.119792 0.145370
0 0.262500 0.396759 0.067708 0.173148
0 0.217708 0.394907 0.057292 0.197222
0 0.259635 0.500926 0.128646 0.118519
0 0.398698 0.449074 0.153646 0.127778
0 0.283073 0.566204 0.130729 0.106481
0 0.272396 0.640278 0.109375 0.069444
0 0.234635 0.685185 0.116146 0.088889
0 0.235677 0.763426 0.094271 0.071296
0 0.390365 0.539352 0.115104 0.143519
0 0.322917 0.687500 0.088542 0.167593
0 0.339583 0.856481 0.102083 0.187037
0 0.297656 0.849537 0.077604 0.173148
0 0.221354 0.850000 0.083333 0.150000
0 0.258333 0.897222 0.086458 0.079630
0 0.393750 0.741204 0.143750 0.075000
0 0.434635 0.662500 0.132812 0.099074
0 0.486198 0.528704 0.133854 0.212963