0 0.159375 0.162037 0.052083 0.218519
0 0.293229 0.205556 0.153125 0.196296
0 0.165104 0.467593 0.069792 0.277778
0 0.446875 0.090278 0.178125 0.108333
0 0.551042 0.153241 0.112500 0.128704
0 0.592187 0.180093 0.107292 0.132407
0 0.669531 0.198611 0.089063 0.106481
0 0.688021 0.222685 0.076042 0.082407
0 0.700781 0.267593 0.092188 0.062963
0 0.782031 0.327778 0.036979 0.137037
0 0.781771 0.437963 0.032292 0.100000
0 0.778125 0.555556 0.039583 0.137037
0 0.743750 0.407870 0.058333 0.154630
0 0.782813 0.675463 0.031250 0.128704
0 0.782552 0.783333 0.042188 0.087037
0 0.758594 0.785185 0.041146 0.111111
0 0.717448 0.759259 0.075521 0.085185
0 0.707292 0.831944 0.068750 0.110185
0 0.694531 0.661574 0.080729 0.149074
0 0.617708 0.470833 0.111458 0.104630
0 0.509896 0.435648 0.125000 0.223148
0 0.491667 0.278241 0.180208 0.150926
0 0.359635 0.770370 0.090104 0.274074
0 0.510938 0.941204 0.163542 0.110185
0 0.280729 0.906481 0.092708 0.185185
0 0.200781 0.884722 0.082812 0.187963
0 0.158854 0.888426 0.069792 0.149074