0 0.174219 0.744907 0.073438 0.245370
0 0.373177 0.674537 0.143229 0.210185
0 0.498958 0.775463 0.154167 0.163889
0 0.510417 0.916667 0.180208 0.129630
0 0.424479 0.946296 0.179167 0.105556
0 0.699740 0.821296 0.080729 0.187037
0 0.783594 0.664815 0.047396 0.111111
0 0.731250 0.387963 0.055208 0.159259
0 0.770833 0.304630 0.035417 0.098148
0 0.782552 0.364352 0.029687 0.125000
0 0.776302 0.469444 0.036979 0.148148
0 0.275521 0.442593 0.130208 0.285185
0 0.322917 0.409722 0.107292 0.267593
0 0.378646 0.367593 0.179167 0.225926
0 0.421094 0.327315 0.164062 0.212037
0 0.430729 0.226389 0.070833 0.202778
0 0.433333 0.215741 0.147917 0.211111
0 0.535156 0.223148 0.117188 0.150000
0 0.548698 0.137500 0.119271 0.110185
0 0.427083 0.094907 0.138542 0.125000
0 0.327865 0.155556 0.088021 0.231481
0 0.272396 0.227778 0.076042 0.177778
0 0.197917 0.100926 0.083333 0.140741
0 0.241927 0.250463 0.089063 0.225000
0 0.196615 0.218981 0.044271 0.206481
0 0.163021 0.194907 0.043750 0.199074