0 0.180729 0.504167 0.080208 0.249074
0 0.163281 0.756944 0.055729 0.256481
0 0.418229 0.945370 0.196875 0.107407
0 0.513281 0.928704 0.154688 0.098148
0 0.515625 0.859722 0.151042 0.082407
0 0.498958 0.774537 0.166667 0.145370
0 0.677344 0.853241 0.090104 0.143519
0 0.277083 0.432407 0.141667 0.296296
0 0.323958 0.409259 0.106250 0.238889
0 0.381771 0.401852 0.121875 0.274074
0 0.423177 0.331944 0.153646 0.176852
0 0.432031 0.214352 0.130729 0.208333
0 0.529167 0.226852 0.120833 0.161111
0 0.552083 0.117593 0.122917 0.081481
0 0.420833 0.097222 0.145833 0.118519
0 0.258594 0.243056 0.120313 0.195370
0 0.194792 0.206019 0.047917 0.215741
0 0.175521 0.198611 0.069792 0.219444
0 0.279167 0.109259 0.148958 0.114815
0 0.728125 0.256944 0.068750 0.112037
0 0.766667 0.310185 0.045833 0.103704
0 0.777604 0.350926 0.043750 0.114815
0 0.777083 0.470833 0.042708 0.126852
0 0.780208 0.580093 0.037500 0.106481
0 0.783333 0.663889 0.057292 0.116667
0 0.325000 0.221296 0.158333 0.135185