0 0.515104 0.121296 0.121875 0.087037
0 0.514062 0.176852 0.100000 0.111111
0 0.725521 0.311574 0.034375 0.097222
0 0.369531 0.133333 0.138021 0.122222
0 0.364583 0.052315 0.098958 0.062037
0 0.272656 0.081944 0.133854 0.123148
0 0.172396 0.140741 0.082292 0.175926
0 0.117188 0.126389 0.039583 0.160185
0 0.134635 0.222685 0.070312 0.145370
0 0.138021 0.340278 0.091667 0.204630
0 0.129167 0.532870 0.069792 0.202778
0 0.121354 0.715278 0.062500 0.206481
0 0.124219 0.866204 0.072396 0.160185
0 0.337760 0.515278 0.105729 0.247222
0 0.273177 0.659259 0.111979 0.187037
0 0.350000 0.700463 0.053125 0.236111
0 0.297656 0.778241 0.105729 0.186111
0 0.245833 0.795833 0.089583 0.208333
0 0.202865 0.819907 0.083854 0.197222
0 0.547135 0.875463 0.102604 0.084259
0 0.481510 0.875926 0.109896 0.135185
0 0.352865 0.940278 0.116146 0.102778
0 0.438281 0.942130 0.118229 0.104630