0 0.349479 0.367130 0.090625 0.243519
0 0.244271 0.406944 0.097917 0.197222
0 0.217708 0.568519 0.055208 0.212963
0 0.231510 0.650000 0.060937 0.207407
0 0.292969 0.834722 0.132812 0.136111
0 0.271875 0.882407 0.119792 0.109259
0 0.491927 0.935185 0.133854 0.096296
0 0.601042 0.885185 0.121875 0.133333
0 0.689844 0.871759 0.075521 0.078704
0 0.598698 0.724074 0.150521 0.118519
0 0.754948 0.837037 0.059896 0.096296
0 0.790365 0.798611 0.044271 0.054630
0 0.363802 0.150463 0.108854 0.193519
0 0.436979 0.131944 0.088542 0.167593
0 0.562760 0.077315 0.145313 0.082407
0 0.845313 0.693519 0.047917 0.068519
0 0.831510 0.723611 0.038021 0.054630
0 0.811198 0.732407 0.058854 0.085185
0 0.806510 0.768519 0.047396 0.064815