0 0.398958 0.032407 0.131250 0.061111
0 0.496354 0.063426 0.061458 0.123148
0 0.649219 0.087037 0.088021 0.170370
0 0.762760 0.151389 0.046354 0.100926
0 0.818490 0.579167 0.034896 0.110185
0 0.704167 0.573148 0.047917 0.155556
0 0.721094 0.699537 0.073438 0.123148
0 0.735677 0.732870 0.064062 0.100926
0 0.748177 0.753704 0.050521 0.105556
0 0.769531 0.735185 0.039062 0.088889
0 0.699740 0.793519 0.047396 0.068519
0 0.666406 0.764352 0.050521 0.132407
0 0.618750 0.793519 0.072917 0.162963
0 0.356771 0.807407 0.065625 0.211111
0 0.319271 0.734722 0.058333 0.250926
0 0.237760 0.835185 0.113021 0.124074
0 0.238021 0.599074 0.118750 0.103704
0 0.188021 0.596759 0.052083 0.236111
0 0.179948 0.379630 0.047396 0.209259
0 0.174219 0.193056 0.056771 0.175000