0 0.242448 0.160185 0.044271 0.187037
0 0.265365 0.282407 0.047396 0.198148
0 0.309635 0.232407 0.065104 0.183333
0 0.379427 0.240741 0.123438 0.144444
0 0.301302 0.400000 0.067187 0.214815
0 0.359896 0.385648 0.106250 0.102778
0 0.343750 0.469907 0.126042 0.141667
0 0.440625 0.535648 0.076042 0.262037
0 0.408073 0.566667 0.051562 0.224074
0 0.327865 0.553704 0.116146 0.168519
0 0.259635 0.467593 0.048438 0.246296
0 0.212500 0.325463 0.050000 0.210185
0 0.230990 0.406481 0.044271 0.216667
0 0.200000 0.543056 0.048958 0.202778
0 0.217969 0.664352 0.096354 0.104630
0 0.253385 0.789815 0.068229 0.198148
0 0.253385 0.606481 0.069271 0.177778
0 0.306510 0.741667 0.056771 0.235185
0 0.255208 0.879167 0.136458 0.097222
0 0.657292 0.078241 0.084375 0.115741