0 0.214844 0.156019 0.122396 0.104630
0 0.186719 0.237037 0.045312 0.153704
0 0.191406 0.403704 0.042188 0.209259
0 0.449740 0.082870 0.160938 0.087963
0 0.422917 0.491667 0.122917 0.174074
0 0.189323 0.615741 0.040104 0.216667
0 0.238542 0.601389 0.075000 0.247222
0 0.285938 0.531944 0.100000 0.136111
0 0.344271 0.628704 0.065625 0.225926
0 0.398698 0.712963 0.132812 0.188889
0 0.466146 0.743519 0.150000 0.150000
0 0.408073 0.869907 0.113021 0.152778
0 0.208854 0.765278 0.094792 0.108333
0 0.283854 0.803704 0.059375 0.224074
0 0.187500 0.871759 0.041667 0.173148
0 0.216406 0.880556 0.051562 0.125926
0 0.603385 0.885648 0.110937 0.132407
0 0.589844 0.949074 0.139063 0.092593
0 0.702083 0.850463 0.069792 0.113889
0 0.251302 0.946759 0.129688 0.104630
0 0.411458 0.968056 0.145833 0.062037