0 0.214844 0.193981 0.070312 0.180556
0 0.245833 0.144444 0.076042 0.150000
0 0.337240 0.092593 0.134896 0.061111
0 0.224219 0.371296 0.071354 0.205556
0 0.209896 0.575926 0.046875 0.216667
0 0.281510 0.420370 0.114062 0.185185
0 0.238542 0.633333 0.051042 0.240741
0 0.224740 0.843056 0.065104 0.191667
0 0.311198 0.822222 0.131771 0.118519
0 0.350000 0.907870 0.147917 0.087963
0 0.278646 0.635185 0.072917 0.259259
0 0.356771 0.598611 0.140625 0.150926
0 0.383854 0.643981 0.115625 0.195370
0 0.421354 0.711111 0.108333 0.190741
0 0.529948 0.701389 0.108854 0.167593
0 0.483594 0.851852 0.140104 0.153704
0 0.496875 0.932870 0.133333 0.082407
0 0.606250 0.899074 0.103125 0.129630
0 0.666927 0.851852 0.098437 0.146296