0 0.751042 0.128241 0.052083 0.080556
0 0.209635 0.101389 0.109896 0.123148
0 0.227083 0.149074 0.113542 0.142593
0 0.358594 0.237037 0.118229 0.218519
0 0.278906 0.234722 0.073438 0.204630
0 0.432292 0.326852 0.132292 0.194444
0 0.391146 0.392593 0.165625 0.196296
0 0.372135 0.449537 0.133854 0.200926
0 0.354427 0.448148 0.138021 0.188889
0 0.372656 0.578241 0.148438 0.125000
0 0.375781 0.630556 0.147396 0.085185
0 0.388281 0.714352 0.132812 0.123148
0 0.190104 0.451389 0.047917 0.226852
0 0.231771 0.431019 0.075000 0.250926
0 0.282292 0.484722 0.055208 0.254630
0 0.263281 0.546296 0.070312 0.233333
0 0.215365 0.719907 0.085938 0.187963
0 0.222396 0.622685 0.097917 0.150926
0 0.580729 0.837500 0.093750 0.134259
0 0.473438 0.881944 0.138542 0.130556