0 0.479687 0.050926 0.171875 0.072222
0 0.358333 0.312037 0.151042 0.170370
0 0.248698 0.346296 0.099479 0.092593
0 0.210417 0.499537 0.050000 0.236111
0 0.254167 0.556481 0.066667 0.244444
0 0.348958 0.443981 0.101042 0.217593
0 0.320833 0.636111 0.084375 0.231481
0 0.291927 0.781019 0.144271 0.106481
0 0.350000 0.818056 0.093750 0.141667
0 0.403646 0.878241 0.082292 0.199074
0 0.382812 0.692593 0.126042 0.118519
0 0.466406 0.616667 0.131771 0.120370
0 0.392708 0.411111 0.135417 0.155556
0 0.561458 0.517593 0.105208 0.190741
0 0.674740 0.285185 0.127604 0.085185
0 0.648177 0.887963 0.125521 0.127778
0 0.798698 0.192593 0.045312 0.124074
0 0.832031 0.706944 0.045312 0.073148
0 0.820833 0.756944 0.052083 0.043519