0 0.209896 0.201852 0.062500 0.181481
0 0.252083 0.380093 0.070833 0.202778
0 0.216667 0.414815 0.055208 0.248148
0 0.225521 0.559259 0.066667 0.190741
0 0.250781 0.748611 0.110937 0.163889
0 0.230469 0.837963 0.060937 0.157407
0 0.497917 0.912963 0.137500 0.105556
0 0.606250 0.903241 0.105208 0.082407
0 0.471875 0.675463 0.125000 0.223148
0 0.420312 0.607407 0.104167 0.283333
0 0.352344 0.580093 0.109896 0.236111
0 0.327344 0.531481 0.095312 0.222222
0 0.292969 0.462500 0.103646 0.262037
0 0.396615 0.326852 0.158854 0.166667
0 0.742188 0.342593 0.089583 0.151852
0 0.821094 0.761111 0.056771 0.059259
0 0.400521 0.075000 0.126042 0.124074
0 0.447656 0.104167 0.094271 0.147222
0 0.545052 0.059259 0.151562 0.118519