0 0.741927 0.738426 0.032813 0.100926
0 0.390625 0.101389 0.151042 0.139815
0 0.485156 0.093056 0.098437 0.067593
0 0.488281 0.171759 0.121354 0.115741
0 0.145313 0.100463 0.060417 0.184259
0 0.108073 0.138426 0.031771 0.162037
0 0.144792 0.301852 0.052083 0.200000
0 0.108073 0.354167 0.041146 0.258333
0 0.114844 0.642130 0.042188 0.269444
0 0.148177 0.622685 0.070312 0.230556
0 0.165365 0.530093 0.098437 0.250926
0 0.301302 0.365741 0.117188 0.211111
0 0.306510 0.463426 0.123438 0.204630
0 0.334896 0.579630 0.134375 0.148148
0 0.170313 0.881019 0.090625 0.187963
0 0.245573 0.811111 0.122396 0.120370
0 0.296875 0.731481 0.138542 0.129630
0 0.287760 0.851852 0.129688 0.124074
0 0.314323 0.893519 0.136979 0.118519
0 0.430990 0.785185 0.136979 0.129630
0 0.328385 0.937037 0.110937 0.114815
0 0.397656 0.936111 0.128646 0.116667
0 0.505469 0.911111 0.106771 0.101852