0 0.406250 0.322222 0.130208 0.133333
0 0.599740 0.487963 0.069271 0.205556
0 0.119531 0.280093 0.046354 0.230556
0 0.113542 0.536574 0.054167 0.243519
0 0.658333 0.832407 0.067708 0.098148
0 0.595313 0.884259 0.082292 0.087037
0 0.517708 0.862963 0.075000 0.162963
0 0.473438 0.934722 0.130208 0.091667
0 0.120052 0.714815 0.056771 0.222222
0 0.158073 0.781481 0.059896 0.188889
0 0.117448 0.909259 0.057813 0.138889
0 0.149219 0.926389 0.067187 0.119444
0 0.194271 0.916204 0.048958 0.165741
0 0.245052 0.905093 0.055729 0.186111
0 0.291667 0.932870 0.069792 0.132407
0 0.586198 0.160185 0.096354 0.114815
0 0.122917 0.071759 0.073958 0.143519
0 0.171094 0.069444 0.089063 0.131481
0 0.229427 0.065741 0.121354 0.131481
0 0.734635 0.391667 0.034896 0.074074
0 0.732292 0.312500 0.033333 0.091667
0 0.478906 0.117593 0.113021 0.103704
0 0.365625 0.063889 0.142708 0.098148