0 0.180990 0.369907 0.066146 0.228704
0 0.169271 0.184259 0.034375 0.194444
0 0.185417 0.602315 0.075000 0.232407
0 0.161979 0.716204 0.045833 0.189815
0 0.276562 0.914352 0.141667 0.091667
0 0.457552 0.947222 0.130729 0.085185
0 0.545573 0.917593 0.101562 0.077778
0 0.749740 0.822222 0.054688 0.061111
0 0.796615 0.707407 0.019271 0.100000
0 0.792188 0.661111 0.025000 0.133333
0 0.678646 0.850926 0.082292 0.114815
0 0.585938 0.872685 0.112500 0.099074
0 0.622396 0.837037 0.086458 0.061111
0 0.615365 0.767593 0.113021 0.079630
0 0.536458 0.674537 0.090625 0.232407
0 0.589063 0.552778 0.096875 0.092593
0 0.629687 0.333796 0.086458 0.178704
0 0.658594 0.154167 0.077604 0.089815
0 0.590885 0.098148 0.113021 0.081481
0 0.528125 0.103704 0.107292 0.137037