0 0.176823 0.163889 0.054688 0.177778
0 0.176563 0.409259 0.051042 0.220370
0 0.222656 0.402778 0.072396 0.251852
0 0.168750 0.675463 0.053125 0.219444
0 0.366406 0.877315 0.144271 0.150926
0 0.402604 0.921759 0.104167 0.115741
0 0.412760 0.924537 0.124479 0.137963
0 0.642448 0.875926 0.100521 0.135185
0 0.721875 0.824074 0.058333 0.112963
0 0.766146 0.787037 0.051042 0.066667
0 0.792188 0.734722 0.025000 0.100926
0 0.804427 0.733333 0.023438 0.100000
0 0.500781 0.281019 0.076563 0.184259
0 0.402604 0.106481 0.130208 0.127778
0 0.452083 0.103704 0.109375 0.094444
0 0.488802 0.197222 0.139063 0.120370
0 0.551562 0.160648 0.110417 0.075000
0 0.541667 0.108333 0.112500 0.062963
0 0.771615 0.240741 0.043229 0.075926
0 0.798698 0.304167 0.022396 0.106481