0 0.303906 0.090278 0.152604 0.097222
0 0.200000 0.180093 0.039583 0.165741
0 0.221354 0.387037 0.085417 0.216667
0 0.231510 0.334259 0.047396 0.155556
0 0.263021 0.531944 0.113542 0.139815
0 0.325000 0.509259 0.037500 0.101852
0 0.273438 0.660648 0.116667 0.145370
0 0.213021 0.683333 0.033333 0.229630
0 0.247917 0.738889 0.056250 0.190741
0 0.298698 0.738426 0.093229 0.199074
0 0.306771 0.432407 0.125000 0.129630
0 0.260156 0.289352 0.076563 0.182407
0 0.248438 0.180093 0.053125 0.165741
0 0.282292 0.224537 0.069792 0.167593
0 0.322396 0.185185 0.122917 0.155556
0 0.392188 0.312963 0.142708 0.135185
0 0.350521 0.362037 0.128125 0.183333
0 0.348958 0.109259 0.122917 0.087037
0 0.429427 0.218519 0.150521 0.135185