0 0.172135 0.190741 0.058854 0.222222
0 0.195312 0.206944 0.041667 0.234259
0 0.276823 0.112037 0.145313 0.124074
0 0.261198 0.243519 0.117188 0.211111
0 0.319271 0.218981 0.137500 0.149074
0 0.421615 0.097685 0.147396 0.125000
0 0.549479 0.115278 0.116667 0.089815
0 0.642969 0.167593 0.104688 0.116667
0 0.534635 0.220370 0.122396 0.168519
0 0.434635 0.211574 0.141146 0.225000
0 0.430469 0.310648 0.143229 0.230556
0 0.428906 0.421759 0.083854 0.247222
0 0.359375 0.398611 0.097917 0.263889
0 0.322396 0.422222 0.101042 0.259259
0 0.274479 0.437500 0.137500 0.278704
0 0.176042 0.502778 0.087500 0.250000
0 0.161979 0.756481 0.067708 0.255556
0 0.508594 0.775926 0.185938 0.150000
0 0.516406 0.858796 0.147396 0.069444
0 0.500781 0.909259 0.188021 0.109259
0 0.419271 0.942593 0.181250 0.112963
0 0.766927 0.310185 0.047396 0.101852
0 0.775260 0.355556 0.044271 0.111111
0 0.776302 0.475926 0.042188 0.137037
0 0.777083 0.555556 0.036458 0.142593
0 0.779427 0.667593 0.048438 0.120370