0 0.339583 0.094444 0.153125 0.088889
0 0.269010 0.118056 0.118229 0.087963
0 0.262500 0.166204 0.127083 0.099074
0 0.226042 0.214815 0.085417 0.116667
0 0.298958 0.292593 0.087500 0.192593
0 0.244010 0.328704 0.075521 0.194444
0 0.205469 0.322222 0.046354 0.216667
0 0.407813 0.268981 0.142708 0.162037
0 0.385937 0.355556 0.159375 0.164815
0 0.348698 0.485185 0.145313 0.181481
0 0.333333 0.545370 0.127083 0.253704
0 0.221094 0.490278 0.079687 0.199074
0 0.294531 0.601852 0.107813 0.220370
0 0.261198 0.630556 0.078646 0.120370
0 0.296875 0.750463 0.116667 0.156481
0 0.222656 0.700000 0.074479 0.220370
0 0.222396 0.763426 0.054167 0.193519
0 0.495573 0.922685 0.132812 0.121296
0 0.616667 0.896296 0.108333 0.088889