0 0.492448 0.147685 0.117188 0.178704
0 0.411979 0.114815 0.109375 0.161111
0 0.350000 0.155093 0.093750 0.195370
0 0.277344 0.126852 0.093229 0.133333
0 0.223698 0.125926 0.067187 0.107407
0 0.190885 0.145833 0.081771 0.139815
0 0.167448 0.160185 0.095312 0.153704
0 0.200521 0.275463 0.122917 0.175000
0 0.218229 0.459722 0.071875 0.228704
0 0.190885 0.549537 0.046354 0.234259
0 0.218750 0.753241 0.064583 0.239815
0 0.185677 0.825926 0.044271 0.181481
0 0.391667 0.927315 0.155208 0.143519
0 0.504948 0.966667 0.096354 0.064815
0 0.604427 0.936574 0.110937 0.106481
0 0.720833 0.810648 0.072917 0.078704
0 0.823177 0.716667 0.031771 0.124074
0 0.499479 0.330093 0.047917 0.260185
0 0.668229 0.137963 0.107292 0.096296
0 0.740104 0.193981 0.067708 0.137963
0 0.767188 0.273611 0.041667 0.128704