0 0.207813 0.199074 0.065625 0.198148
0 0.216146 0.408333 0.050000 0.220370
0 0.253906 0.524537 0.056771 0.250926
0 0.235156 0.622222 0.096354 0.209259
0 0.238542 0.816667 0.075000 0.192593
0 0.269271 0.843519 0.081250 0.164815
0 0.478646 0.877315 0.132292 0.187963
0 0.507552 0.949074 0.140104 0.072222
0 0.582292 0.780556 0.128125 0.103704
0 0.596875 0.829167 0.126042 0.115741
0 0.590365 0.875463 0.152604 0.100926
0 0.674219 0.887037 0.096354 0.061111
0 0.661198 0.718056 0.100521 0.113889
0 0.744531 0.826389 0.068229 0.121296
0 0.774219 0.764815 0.041146 0.124074
0 0.816927 0.772685 0.030729 0.058333
0 0.826823 0.708796 0.033854 0.073148
0 0.848437 0.659722 0.022917 0.106481
0 0.844271 0.732870 0.030208 0.049074