0 0.201302 0.209259 0.079687 0.168519
0 0.250000 0.132407 0.126042 0.122222
0 0.191927 0.508796 0.057813 0.256481
0 0.214844 0.637963 0.051562 0.235185
0 0.195312 0.733796 0.052083 0.210185
0 0.217448 0.878704 0.108854 0.120370
0 0.230469 0.950000 0.114062 0.087037
0 0.322135 0.457870 0.122396 0.217593
0 0.413021 0.512037 0.108333 0.211111
0 0.351042 0.587500 0.151042 0.126852
0 0.339062 0.645370 0.154167 0.144444
0 0.330729 0.718519 0.157292 0.131481
0 0.360156 0.780093 0.142187 0.143519
0 0.351562 0.858796 0.156250 0.113889
0 0.369531 0.950000 0.164062 0.098148
0 0.480729 0.962500 0.119792 0.073148
0 0.542448 0.941204 0.083854 0.113889
0 0.779948 0.817593 0.049479 0.064815
0 0.817708 0.770370 0.034375 0.061111
0 0.727083 0.166667 0.098958 0.070370