0 0.182292 0.225000 0.048958 0.198148
0 0.389323 0.118056 0.145313 0.102778
0 0.200781 0.641204 0.066146 0.245370
0 0.213542 0.942593 0.110417 0.112963
0 0.316406 0.960185 0.145313 0.075926
0 0.574219 0.132407 0.127604 0.109259
0 0.437760 0.092593 0.101562 0.077778
0 0.494271 0.097222 0.048958 0.072222
0 0.666146 0.143519 0.088542 0.075926
0 0.795833 0.224537 0.053125 0.054630
0 0.713281 0.406481 0.073438 0.164815
0 0.607031 0.376389 0.106771 0.182407
0 0.667969 0.452778 0.057813 0.190741
0 0.826042 0.655093 0.045833 0.071296
0 0.804427 0.700000 0.031771 0.085185
0 0.784375 0.765741 0.028125 0.137037
0 0.806510 0.750926 0.031771 0.118519
0 0.749479 0.852315 0.064583 0.076852
0 0.672917 0.899537 0.090625 0.113889
0 0.570833 0.951852 0.130208 0.087037
0 0.468750 0.962500 0.096875 0.073148
0 0.825781 0.759259 0.026562 0.068519