0 0.182292 0.402778 0.068750 0.211111
0 0.181771 0.622685 0.077083 0.223148
0 0.259896 0.930556 0.093750 0.114815
0 0.457813 0.936574 0.138542 0.119444
0 0.550781 0.931481 0.124479 0.072222
0 0.580208 0.883796 0.098958 0.104630
0 0.542708 0.661111 0.090625 0.224074
0 0.715104 0.795833 0.052083 0.158333
0 0.757552 0.825926 0.061979 0.101852
0 0.796615 0.716204 0.024479 0.117593
0 0.792969 0.665741 0.026562 0.120370
0 0.625781 0.536111 0.045312 0.181481
0 0.730729 0.381481 0.067708 0.111111
0 0.793750 0.303241 0.033333 0.099074
0 0.760156 0.227778 0.049479 0.051852
0 0.710938 0.193981 0.070833 0.097222
0 0.453385 0.147685 0.147396 0.143519
0 0.430469 0.082407 0.142187 0.081481
0 0.183854 0.147685 0.056250 0.154630
0 0.723698 0.822222 0.074479 0.101852