0 0.709635 0.285648 0.046354 0.097222
0 0.732552 0.323611 0.021354 0.108333
0 0.641406 0.354630 0.075521 0.083333
0 0.616667 0.178241 0.093750 0.093519
0 0.473958 0.118981 0.115625 0.117593
0 0.485938 0.378241 0.058333 0.228704
0 0.527865 0.406944 0.054688 0.241667
0 0.117188 0.493056 0.068750 0.276852
0 0.171354 0.249537 0.077083 0.223148
0 0.258854 0.262037 0.103125 0.205556
0 0.264583 0.112500 0.128125 0.097222
0 0.267448 0.071759 0.115104 0.067593
0 0.368229 0.074537 0.117708 0.102778
0 0.094271 0.914815 0.048958 0.138889
0 0.117708 0.905556 0.035417 0.140741
0 0.138802 0.893981 0.045312 0.210185
0 0.177604 0.908796 0.055208 0.176852
0 0.234635 0.919907 0.058854 0.158333
0 0.305208 0.947222 0.115625 0.100000
0 0.375260 0.962037 0.127604 0.074074
0 0.678646 0.831019 0.086458 0.071296
0 0.733073 0.779630 0.044271 0.088889
0 0.689063 0.774537 0.054167 0.071296