0 0.227604 0.172222 0.051042 0.168519
0 0.204427 0.204630 0.048438 0.183333
0 0.218229 0.403704 0.054167 0.225926
0 0.251042 0.383796 0.066667 0.237963
0 0.235937 0.738426 0.103125 0.163889
0 0.317708 0.730556 0.136458 0.120370
0 0.225521 0.837963 0.055208 0.146296
0 0.497396 0.923148 0.142708 0.122222
0 0.333594 0.584259 0.129688 0.153704
0 0.396615 0.652778 0.063021 0.264815
0 0.471354 0.665741 0.104167 0.250000
0 0.382031 0.348148 0.147396 0.151852
0 0.355990 0.200463 0.077604 0.175000
0 0.293490 0.087500 0.120313 0.086111
0 0.319531 0.125000 0.119271 0.111111
0 0.425260 0.080556 0.114062 0.131481
0 0.542969 0.062037 0.147396 0.087037
0 0.769531 0.827315 0.077604 0.104630
0 0.857031 0.679167 0.032813 0.125000