0 0.164844 0.148611 0.041146 0.173148
0 0.197396 0.155556 0.051042 0.127778
0 0.245833 0.117130 0.079167 0.130556
0 0.289062 0.098148 0.118750 0.127778
0 0.194271 0.234259 0.092708 0.103704
0 0.288021 0.263889 0.122917 0.096296
0 0.170833 0.464815 0.053125 0.238889
0 0.275781 0.371296 0.107813 0.192593
0 0.379688 0.372222 0.103125 0.166667
0 0.314063 0.498148 0.088542 0.266667
0 0.377865 0.546296 0.082812 0.268519
0 0.262500 0.605556 0.142708 0.200000
0 0.175000 0.803704 0.071875 0.214815
0 0.405990 0.783796 0.093229 0.202778
0 0.420312 0.902315 0.143750 0.136111
0 0.440365 0.964815 0.157812 0.068519
0 0.735677 0.459722 0.051562 0.176852
0 0.806771 0.297222 0.036458 0.103704
0 0.775000 0.242130 0.055208 0.093519
0 0.419271 0.079630 0.119792 0.157407