0 0.165885 0.168056 0.032813 0.171296
0 0.196615 0.152778 0.041146 0.164815
0 0.250000 0.109722 0.086458 0.130556
0 0.313802 0.101389 0.120313 0.104630
0 0.452083 0.075000 0.135417 0.088889
0 0.696615 0.164815 0.077604 0.074074
0 0.798958 0.308796 0.027083 0.110185
0 0.377604 0.300463 0.057292 0.206481
0 0.239844 0.251389 0.085938 0.171296
0 0.283854 0.362037 0.104167 0.161111
0 0.176302 0.471296 0.053646 0.240741
0 0.172917 0.683796 0.057292 0.199074
0 0.175781 0.800000 0.067187 0.185185
0 0.226823 0.738889 0.085938 0.157407
0 0.419531 0.900926 0.153646 0.120370
0 0.435156 0.961574 0.153646 0.073148
0 0.227344 0.589815 0.086979 0.174074
0 0.267448 0.609259 0.118229 0.185185
0 0.310417 0.512037 0.089583 0.277778
0 0.389323 0.548148 0.083854 0.251852