0 0.816667 0.208796 0.034375 0.102778
0 0.822396 0.352778 0.025000 0.122222
0 0.803385 0.354630 0.023438 0.125926
0 0.800000 0.476389 0.031250 0.128704
0 0.749479 0.105556 0.075000 0.083333
0 0.787500 0.160185 0.046875 0.092593
0 0.757812 0.706019 0.053125 0.084259
0 0.614844 0.675000 0.083854 0.190741
0 0.477344 0.892130 0.150521 0.089815
0 0.208333 0.658796 0.046875 0.225000
0 0.217969 0.397685 0.099479 0.178704
0 0.213021 0.274074 0.058333 0.200000
0 0.173698 0.303241 0.033854 0.200926
0 0.180729 0.092593 0.077083 0.153704
0 0.415885 0.045370 0.149479 0.085185
0 0.638542 0.086111 0.116667 0.079630
0 0.619792 0.174537 0.066667 0.186111
0 0.697135 0.161574 0.086979 0.075000
0 0.390104 0.088426 0.148958 0.095370