0 0.730990 0.382870 0.052604 0.158333
0 0.772135 0.310185 0.039062 0.100000
0 0.783594 0.361111 0.031771 0.120370
0 0.778385 0.479167 0.046354 0.141667
0 0.781510 0.662037 0.046354 0.112963
0 0.717187 0.827315 0.075000 0.169444
0 0.498698 0.777778 0.158854 0.140741
0 0.501823 0.914352 0.175521 0.113889
0 0.429427 0.950463 0.189062 0.097222
0 0.180729 0.561574 0.067708 0.237963
0 0.176042 0.752778 0.079167 0.231481
0 0.276823 0.444444 0.130729 0.281481
0 0.326302 0.412037 0.101562 0.281481
0 0.370833 0.365278 0.141667 0.232407
0 0.419792 0.312963 0.161458 0.205556
0 0.437240 0.218056 0.142187 0.221296
0 0.529427 0.218056 0.109896 0.145370
0 0.626302 0.169444 0.096354 0.112963
0 0.552344 0.114815 0.122396 0.081481
0 0.421354 0.093981 0.144792 0.126852
0 0.312760 0.156481 0.126562 0.207407
0 0.208854 0.111574 0.092708 0.113889
0 0.277083 0.216204 0.086458 0.200926
0 0.252604 0.259722 0.102083 0.217593
0 0.195833 0.222685 0.050000 0.199074
0 0.163802 0.188889 0.040104 0.203704