0 0.211458 0.193981 0.065625 0.180556
0 0.304427 0.149537 0.145313 0.147222
0 0.221094 0.517130 0.064062 0.260185
0 0.332292 0.714815 0.076042 0.222222
0 0.218229 0.815741 0.040625 0.155556
0 0.263802 0.900926 0.078646 0.133333
0 0.392708 0.326389 0.126042 0.230556
0 0.502344 0.054167 0.157812 0.078704
0 0.615885 0.103241 0.082812 0.197222
0 0.787240 0.161111 0.063021 0.124074
0 0.846875 0.225463 0.033333 0.106481
0 0.378906 0.919907 0.147396 0.115741
0 0.519531 0.930556 0.143229 0.083333
0 0.505729 0.855093 0.151042 0.132407
0 0.679688 0.712500 0.094792 0.139815
0 0.852083 0.562963 0.028125 0.120370
0 0.854167 0.696296 0.034375 0.101852
0 0.818750 0.718981 0.040625 0.073148
0 0.812760 0.750463 0.057813 0.065741