0 0.525000 0.910185 0.156250 0.133333
0 0.657813 0.874074 0.086458 0.155556
0 0.702344 0.881481 0.090104 0.107407
0 0.749219 0.612963 0.061979 0.079630
0 0.771094 0.474537 0.030729 0.169444
0 0.785156 0.506944 0.025521 0.141667
0 0.188802 0.755093 0.071354 0.258333
0 0.214844 0.890741 0.069271 0.201852
0 0.256250 0.919444 0.088542 0.159259
0 0.301823 0.916204 0.097396 0.165741
0 0.282031 0.487037 0.118229 0.272222
0 0.168229 0.552778 0.059375 0.262963
0 0.191146 0.424074 0.088542 0.272222
0 0.331510 0.426389 0.117188 0.278704
0 0.361979 0.373611 0.156250 0.191667
0 0.421354 0.331944 0.166667 0.204630
0 0.437500 0.273611 0.155208 0.167593
0 0.551042 0.235648 0.102083 0.182407
0 0.639062 0.177778 0.088542 0.100000
0 0.449219 0.201852 0.133854 0.177778
0 0.553646 0.126852 0.125000 0.094444
0 0.422396 0.095833 0.143750 0.102778
0 0.233073 0.309259 0.080729 0.227778
0 0.296094 0.223148 0.070312 0.200000
0 0.177344 0.185185 0.070312 0.203704
0 0.251302 0.110648 0.082812 0.175000