0 0.202865 0.200926 0.043229 0.179630
0 0.265104 0.222685 0.121875 0.139815
0 0.248177 0.385648 0.060937 0.237963
0 0.219792 0.402778 0.057292 0.216667
0 0.229948 0.616667 0.061979 0.218519
0 0.238281 0.828241 0.078646 0.165741
0 0.356510 0.566204 0.114062 0.236111
0 0.369531 0.677315 0.144271 0.175000
0 0.418750 0.784722 0.140625 0.102778
0 0.492448 0.682407 0.081771 0.192593
0 0.446094 0.871759 0.148438 0.110185
0 0.508073 0.890278 0.134896 0.115741
0 0.618750 0.892130 0.108333 0.073148
0 0.511979 0.940741 0.136458 0.062963
0 0.279687 0.124537 0.133333 0.078704
0 0.413281 0.075926 0.149479 0.125926
0 0.542448 0.062963 0.148438 0.088889
0 0.840104 0.718981 0.034375 0.108333
0 0.856250 0.668519 0.032292 0.129630