0 0.398438 0.118056 0.156250 0.149074
0 0.552865 0.150463 0.127604 0.117593
0 0.673438 0.169907 0.086458 0.075000
0 0.689063 0.223611 0.080208 0.078704
0 0.715885 0.262963 0.054688 0.100000
0 0.785677 0.293981 0.039062 0.089815
0 0.771094 0.384259 0.060937 0.077778
0 0.778125 0.440278 0.050000 0.060185
0 0.775781 0.523148 0.045312 0.116667
0 0.765365 0.588426 0.039062 0.137963
0 0.778646 0.687037 0.035417 0.105556
0 0.772135 0.783333 0.052604 0.092593
0 0.696615 0.823148 0.088021 0.081481
0 0.717187 0.762500 0.068750 0.093519
0 0.626563 0.746296 0.101042 0.096296
0 0.694792 0.680556 0.052083 0.144444
0 0.716406 0.589352 0.061979 0.095370
0 0.585156 0.472222 0.106771 0.251852
0 0.612500 0.460185 0.116667 0.100000
0 0.622135 0.899537 0.105729 0.104630
0 0.512760 0.939352 0.161979 0.110185
0 0.355208 0.770833 0.089583 0.273148
0 0.240104 0.932407 0.110417 0.127778
0 0.183333 0.905556 0.101042 0.144444
0 0.179167 0.698611 0.080208 0.252778
0 0.165625 0.501389 0.055208 0.221296
0 0.189323 0.386111 0.078646 0.218519