0 0.210938 0.181944 0.072917 0.169444
0 0.223698 0.366204 0.065104 0.230556
0 0.226302 0.558333 0.075521 0.201852
0 0.241927 0.457407 0.044271 0.216667
0 0.288021 0.440741 0.071875 0.242593
0 0.286979 0.650000 0.069792 0.190741
0 0.215885 0.825000 0.043229 0.190741
0 0.270573 0.898148 0.079687 0.085185
0 0.281771 0.787037 0.106250 0.094444
0 0.320573 0.887500 0.108854 0.134259
0 0.497917 0.919907 0.141667 0.097222
0 0.600260 0.893056 0.114062 0.110185
0 0.671354 0.868519 0.107292 0.072222
0 0.360417 0.644907 0.070833 0.252778
0 0.442708 0.571759 0.123958 0.197222
0 0.348438 0.170370 0.110417 0.205556
0 0.422396 0.092130 0.123958 0.163889
0 0.550521 0.062963 0.144792 0.092593
0 0.326823 0.498148 0.082812 0.242593