0 0.173437 0.467593 0.053125 0.251852
0 0.182812 0.665741 0.071875 0.175926
0 0.169271 0.830093 0.067708 0.204630
0 0.297396 0.721759 0.110417 0.113889
0 0.396094 0.855093 0.113021 0.171296
0 0.267448 0.596759 0.140104 0.160185
0 0.303385 0.515741 0.107813 0.211111
0 0.281250 0.354630 0.109375 0.127778
0 0.303906 0.432870 0.073438 0.199074
0 0.362240 0.391667 0.102604 0.148148
0 0.157812 0.157407 0.033333 0.194444
0 0.181771 0.183333 0.034375 0.155556
0 0.202083 0.152778 0.037500 0.153704
0 0.233594 0.158333 0.056771 0.157407
0 0.271094 0.149537 0.078646 0.175000
0 0.301302 0.121759 0.094271 0.167593
0 0.364844 0.104167 0.064062 0.160185
0 0.453646 0.094907 0.126042 0.106481
0 0.502344 0.081481 0.093229 0.074074
0 0.798438 0.305093 0.031250 0.125000