0 0.753125 0.827778 0.069792 0.059259
0 0.770052 0.802778 0.058854 0.062963
0 0.794531 0.745833 0.041146 0.110185
0 0.547917 0.935648 0.119792 0.100926
0 0.498437 0.876852 0.067708 0.183333
0 0.359896 0.923611 0.127083 0.132407
0 0.214844 0.926389 0.090104 0.106481
0 0.169792 0.776852 0.068750 0.150000
0 0.251823 0.729630 0.061979 0.251852
0 0.165365 0.654630 0.040104 0.192593
0 0.202083 0.669444 0.066667 0.211111
0 0.157292 0.409722 0.050000 0.234259
0 0.210938 0.500926 0.102083 0.122222
0 0.256250 0.410648 0.104167 0.204630
0 0.351302 0.465741 0.127604 0.177778
0 0.315885 0.603241 0.129688 0.204630
0 0.386198 0.583796 0.144271 0.134259
0 0.183594 0.110185 0.078646 0.109259
0 0.279687 0.118981 0.104167 0.173148
0 0.623698 0.102315 0.123438 0.097222