0 0.167708 0.388426 0.093750 0.208333
0 0.163542 0.602778 0.054167 0.251852
0 0.167708 0.168981 0.057292 0.230556
0 0.292969 0.184722 0.153646 0.160185
0 0.155729 0.806944 0.044792 0.197222
0 0.167969 0.908796 0.085938 0.125000
0 0.340885 0.769444 0.122396 0.244444
0 0.504427 0.550463 0.131771 0.243519
0 0.590365 0.675926 0.080729 0.248148
0 0.607031 0.446759 0.092188 0.175000
0 0.639844 0.371296 0.092188 0.120370
0 0.657552 0.254167 0.102604 0.123148
0 0.597917 0.171296 0.097917 0.096296
0 0.540104 0.154630 0.113542 0.116667
0 0.725260 0.267593 0.048438 0.109259
0 0.778646 0.335648 0.032292 0.130556
0 0.744792 0.418981 0.043750 0.163889
0 0.776823 0.557870 0.035937 0.145370
0 0.775521 0.678704 0.036458 0.118519
0 0.760417 0.781481 0.028125 0.124074
0 0.778906 0.774074 0.028646 0.083333
0 0.716406 0.798148 0.066146 0.120370
0 0.720573 0.829630 0.053646 0.098148
0 0.632031 0.875000 0.094271 0.135185
0 0.477865 0.913426 0.170313 0.130556
0 0.532031 0.917593 0.134896 0.153704