0 0.742188 0.747222 0.054167 0.085185
0 0.800000 0.661111 0.031250 0.111111
0 0.791146 0.698148 0.017708 0.087037
0 0.764583 0.692593 0.050000 0.103704
0 0.408073 0.738426 0.141146 0.128704
0 0.484635 0.346759 0.078646 0.186111
0 0.285156 0.539352 0.086979 0.254630
0 0.302604 0.493981 0.070833 0.186111
0 0.350000 0.367593 0.126042 0.181481
0 0.280990 0.276389 0.088021 0.230556
0 0.239063 0.314815 0.080208 0.194444
0 0.221094 0.590278 0.045312 0.215741
0 0.218490 0.478704 0.063021 0.209259
0 0.185417 0.547685 0.041667 0.252778
0 0.197135 0.219907 0.074479 0.160185
0 0.172656 0.184259 0.058854 0.162963
0 0.184375 0.299074 0.055208 0.162963
0 0.201823 0.095370 0.090104 0.092593
0 0.554427 0.038426 0.131771 0.076852
0 0.810156 0.382870 0.039062 0.102778