0 0.125260 0.142593 0.061979 0.185185
0 0.110156 0.340278 0.035937 0.219444
0 0.136979 0.332407 0.044792 0.242593
0 0.115104 0.555093 0.057292 0.219444
0 0.173958 0.466667 0.080208 0.222222
0 0.210417 0.393981 0.071875 0.245370
0 0.223698 0.341667 0.086979 0.201852
0 0.169271 0.282407 0.038542 0.183333
0 0.223698 0.231481 0.090104 0.168519
0 0.271875 0.240741 0.113542 0.224074
0 0.441406 0.105556 0.119271 0.120370
0 0.530729 0.168056 0.102083 0.154630
0 0.367969 0.645370 0.103646 0.220370
0 0.456250 0.735185 0.097917 0.211111
0 0.353385 0.830093 0.117188 0.189815
0 0.436979 0.841667 0.101042 0.203704
0 0.483854 0.851852 0.120833 0.159259
0 0.513802 0.870833 0.100521 0.115741
0 0.589844 0.873611 0.096354 0.091667
0 0.351042 0.958333 0.154167 0.081481
0 0.109375 0.795370 0.046875 0.229630
0 0.720833 0.329167 0.037500 0.082407
0 0.478646 0.932870 0.139583 0.089815