0 0.583333 0.079630 0.138542 0.107407
0 0.448958 0.055556 0.129167 0.079630
0 0.535677 0.490741 0.153646 0.142593
0 0.448958 0.673148 0.106250 0.233333
0 0.248438 0.441204 0.053125 0.243519
0 0.220312 0.452778 0.048958 0.225926
0 0.221875 0.656944 0.062500 0.202778
0 0.261719 0.638889 0.082812 0.207407
0 0.233333 0.840278 0.070833 0.165741
0 0.495573 0.651852 0.108854 0.179630
0 0.523177 0.610648 0.099479 0.158333
0 0.793229 0.167593 0.062500 0.087037
0 0.786979 0.765741 0.054167 0.100000
0 0.776302 0.845833 0.076563 0.073148
0 0.703125 0.848611 0.083333 0.119444
0 0.602083 0.856019 0.118750 0.125000
0 0.536979 0.857407 0.134375 0.137037
0 0.504427 0.941667 0.140104 0.079630
0 0.622135 0.917130 0.098437 0.084259