0 0.219271 0.795833 0.080208 0.202778
0 0.454167 0.789815 0.128125 0.155556
0 0.465625 0.880093 0.141667 0.069444
0 0.590365 0.860648 0.107813 0.073148
0 0.546354 0.638426 0.118750 0.202778
0 0.569531 0.680093 0.116146 0.189815
0 0.602865 0.717130 0.098437 0.187963
0 0.609375 0.808796 0.111458 0.082407
0 0.201042 0.427315 0.067708 0.193519
0 0.183594 0.280093 0.056771 0.208333
0 0.238021 0.365278 0.066667 0.241667
0 0.439323 0.050000 0.146354 0.092593
0 0.334375 0.062037 0.142708 0.090741
0 0.370833 0.136111 0.116667 0.135185
0 0.300521 0.177315 0.120833 0.152778
0 0.238542 0.141204 0.058333 0.163889
0 0.223438 0.166667 0.081250 0.185185
0 0.279687 0.101389 0.096875 0.139815
0 0.178385 0.137037 0.033854 0.137037
0 0.153646 0.165278 0.022917 0.167593