0 0.582552 0.080556 0.136979 0.109259
0 0.448177 0.058796 0.138021 0.076852
0 0.258333 0.445370 0.073958 0.244444
0 0.213021 0.450926 0.035417 0.218519
0 0.224479 0.659259 0.058333 0.188889
0 0.262500 0.636111 0.085417 0.214815
0 0.454688 0.682407 0.114583 0.250000
0 0.522917 0.477315 0.138542 0.130556
0 0.589323 0.541204 0.088021 0.219444
0 0.623958 0.535648 0.070833 0.245370
0 0.499219 0.658796 0.109896 0.197222
0 0.517708 0.598148 0.097917 0.162963
0 0.231510 0.836111 0.072396 0.168519
0 0.531510 0.852315 0.136979 0.152778
0 0.607031 0.853704 0.121354 0.135185
0 0.502604 0.938426 0.151042 0.078704
0 0.629427 0.902778 0.104688 0.087037
0 0.707552 0.859722 0.080729 0.130556
0 0.786198 0.768056 0.059896 0.136111