0 0.169792 0.426852 0.058333 0.196296
0 0.167969 0.614352 0.064062 0.236111
0 0.164323 0.885185 0.080729 0.164815
0 0.263542 0.923611 0.115625 0.150926
0 0.359635 0.773148 0.090104 0.279630
0 0.513802 0.940741 0.166146 0.111111
0 0.709635 0.835648 0.071354 0.099074
0 0.758854 0.788889 0.042708 0.107407
0 0.777604 0.786574 0.037500 0.093519
0 0.717448 0.759259 0.074479 0.085185
0 0.784896 0.676852 0.031250 0.137037
0 0.779687 0.551852 0.036458 0.138889
0 0.781250 0.437500 0.036458 0.104630
0 0.739583 0.424074 0.056250 0.137037
0 0.777604 0.326852 0.037500 0.135185
0 0.739323 0.260648 0.060937 0.160185
0 0.686719 0.229167 0.089063 0.106481
0 0.666667 0.199074 0.073958 0.112963
0 0.591927 0.174074 0.102604 0.129630
0 0.541146 0.160185 0.115625 0.135185
0 0.446354 0.080556 0.164583 0.096296
0 0.410677 0.198611 0.068229 0.252778
0 0.295052 0.200926 0.154688 0.188889
0 0.519531 0.413889 0.147396 0.177778
0 0.616146 0.471296 0.109375 0.105556
0 0.693750 0.609259 0.078125 0.170370
0 0.699479 0.680093 0.061458 0.156481