0 0.156771 0.897685 0.080208 0.160185
0 0.274740 0.805556 0.111979 0.248148
0 0.347396 0.765278 0.110417 0.271296
0 0.175781 0.690278 0.080729 0.269444
0 0.535937 0.569907 0.121875 0.160185
0 0.643490 0.604167 0.091146 0.158333
0 0.671875 0.548611 0.063542 0.171296
0 0.616406 0.491667 0.097396 0.200000
0 0.640365 0.881944 0.102604 0.128704
0 0.692969 0.812500 0.073438 0.128704
0 0.717969 0.777315 0.057813 0.125000
0 0.777083 0.780093 0.052083 0.089815
0 0.780208 0.663889 0.037500 0.142593
0 0.776563 0.557870 0.047917 0.119444
0 0.775260 0.509722 0.050521 0.113889
0 0.780208 0.444444 0.026042 0.096296
0 0.769792 0.412037 0.051042 0.112963
0 0.786979 0.312500 0.045833 0.128704
0 0.720313 0.228241 0.076042 0.097222
0 0.679688 0.192130 0.086458 0.158333
0 0.608073 0.178704 0.101562 0.107407
0 0.550521 0.152315 0.127083 0.121296
0 0.379688 0.097222 0.159375 0.124074
0 0.173177 0.149537 0.063021 0.197222
0 0.211719 0.196296 0.103646 0.194444
0 0.229167 0.346296 0.110417 0.242593
0 0.162500 0.458796 0.039583 0.254630