0 0.173177 0.430093 0.044271 0.225000
0 0.197135 0.193519 0.092188 0.120370
0 0.226302 0.246296 0.075521 0.083333
0 0.165365 0.646759 0.036979 0.217593
0 0.177865 0.768519 0.081771 0.214815
0 0.193490 0.114815 0.040104 0.083333
0 0.239063 0.152778 0.073958 0.168519
0 0.305469 0.078241 0.090104 0.150926
0 0.386719 0.077315 0.140104 0.100926
0 0.557292 0.106019 0.133333 0.099074
0 0.659635 0.126389 0.100521 0.087963
0 0.509896 0.137037 0.051042 0.138889
0 0.443750 0.252315 0.125000 0.080556
0 0.229167 0.873611 0.122917 0.147222
0 0.404427 0.824537 0.066146 0.226852
0 0.438802 0.958333 0.167187 0.075926
0 0.572396 0.926852 0.129167 0.107407
0 0.658333 0.887500 0.084375 0.073148
0 0.779427 0.766204 0.027604 0.099074
0 0.751042 0.800926 0.057292 0.094444