0 0.176042 0.156944 0.052083 0.150926
0 0.204687 0.216204 0.098958 0.125000
0 0.185417 0.409259 0.068750 0.214815
0 0.179427 0.649074 0.065104 0.225926
0 0.178385 0.787963 0.063021 0.157407
0 0.433594 0.959722 0.167187 0.069444
0 0.493750 0.886574 0.125000 0.104630
0 0.567187 0.926852 0.105208 0.074074
0 0.608333 0.860648 0.114583 0.141667
0 0.680469 0.856019 0.074479 0.108333
0 0.733854 0.821759 0.047917 0.117593
0 0.784635 0.775463 0.038021 0.067593
0 0.799219 0.727315 0.023438 0.097222
0 0.799219 0.609722 0.023438 0.121296
0 0.778646 0.247685 0.038542 0.076852
0 0.582812 0.260185 0.100000 0.179630
0 0.547656 0.138889 0.116146 0.103704
0 0.547656 0.099074 0.116146 0.085185
0 0.443490 0.115741 0.102604 0.109259
0 0.387240 0.095833 0.136979 0.128704