0 0.180729 0.195370 0.041667 0.129630
0 0.186979 0.357870 0.051042 0.225000
0 0.238802 0.173148 0.108854 0.133333
0 0.283073 0.192593 0.111979 0.162963
0 0.284115 0.270370 0.119271 0.177778
0 0.359896 0.174074 0.111458 0.183333
0 0.445312 0.081481 0.154167 0.059259
0 0.458333 0.132870 0.162500 0.075000
0 0.457031 0.187963 0.135937 0.096296
0 0.596875 0.134259 0.112500 0.105556
0 0.655729 0.157870 0.090625 0.087963
0 0.232031 0.523148 0.102604 0.251852
0 0.207552 0.630093 0.076563 0.204630
0 0.196094 0.771759 0.075521 0.186111
0 0.228385 0.848148 0.124479 0.138889
0 0.255729 0.886111 0.128125 0.112963
0 0.228906 0.945833 0.123438 0.075000
0 0.361198 0.921296 0.164062 0.112963
0 0.337240 0.959722 0.146354 0.078704
0 0.458854 0.975463 0.153125 0.047222
0 0.673698 0.894907 0.093229 0.108333