0 0.727344 0.312963 0.031771 0.101852
0 0.700781 0.289352 0.032813 0.108333
0 0.734115 0.639815 0.028646 0.129630
0 0.701302 0.781481 0.043229 0.079630
0 0.652344 0.847222 0.074479 0.066667
0 0.543750 0.863889 0.102083 0.083333
0 0.436198 0.945370 0.135937 0.083333
0 0.386719 0.872685 0.136979 0.149074
0 0.290625 0.943519 0.120833 0.111111
0 0.300000 0.777315 0.136458 0.082407
0 0.141667 0.911574 0.100000 0.087963
0 0.119531 0.733333 0.059896 0.257407
0 0.533854 0.596296 0.088542 0.196296
0 0.399479 0.616204 0.137500 0.228704
0 0.440625 0.696759 0.129167 0.147222
0 0.135937 0.454167 0.082292 0.245370
0 0.135156 0.310648 0.075521 0.200926
0 0.140365 0.156481 0.054688 0.150000
0 0.111458 0.168056 0.036458 0.186111
0 0.159635 0.064815 0.103646 0.077778
0 0.560677 0.149537 0.085938 0.113889
0 0.454167 0.130093 0.133333 0.128704
0 0.351042 0.081944 0.136458 0.112037