0 0.507292 0.937500 0.160417 0.123148
0 0.570573 0.634722 0.107813 0.228704
0 0.316146 0.079630 0.143750 0.087037
0 0.352865 0.101852 0.115104 0.096296
0 0.349479 0.184722 0.128125 0.175000
0 0.297396 0.198611 0.106250 0.195370
0 0.231510 0.172222 0.105729 0.122222
0 0.213802 0.300000 0.065104 0.220370
0 0.260937 0.327778 0.070833 0.174074
0 0.295052 0.298148 0.091146 0.161111
0 0.400000 0.277778 0.138542 0.151852
0 0.388802 0.358333 0.155729 0.140741
0 0.348698 0.487500 0.111979 0.228704
0 0.311979 0.538426 0.086458 0.252778
0 0.239844 0.479630 0.089063 0.188889
0 0.286198 0.556944 0.081771 0.258333
0 0.239844 0.620370 0.095312 0.112963
0 0.219792 0.694444 0.070833 0.216667
0 0.292448 0.754167 0.114062 0.191667