0 0.434896 0.890741 0.102083 0.150000
0 0.368490 0.924537 0.134896 0.089815
0 0.470052 0.048611 0.156771 0.065741
0 0.350260 0.124537 0.141146 0.104630
0 0.257031 0.147222 0.100521 0.120370
0 0.300781 0.077778 0.139063 0.087037
0 0.410156 0.203241 0.149479 0.158333
0 0.344271 0.214352 0.142708 0.099074
0 0.359115 0.277315 0.128646 0.110185
0 0.359115 0.371296 0.128646 0.209259
0 0.286979 0.293056 0.080208 0.213889
0 0.250260 0.278241 0.069271 0.165741
0 0.206771 0.328704 0.038542 0.218519
0 0.309635 0.404630 0.132812 0.144444
0 0.242969 0.368056 0.063021 0.204630
0 0.274740 0.481019 0.154688 0.125000
0 0.292708 0.606944 0.119792 0.160185
0 0.224740 0.681019 0.066146 0.230556
0 0.231510 0.537500 0.072396 0.145370