0 0.164323 0.150463 0.076563 0.180556
0 0.208333 0.185648 0.108333 0.215741
0 0.227865 0.346296 0.110937 0.242593
0 0.172396 0.465741 0.069792 0.279630
0 0.173698 0.687963 0.083854 0.281481
0 0.173177 0.908333 0.092188 0.148148
0 0.235677 0.945370 0.118229 0.107407
0 0.300260 0.878241 0.147396 0.189815
0 0.348438 0.758333 0.109375 0.262963
0 0.444792 0.743056 0.072917 0.302778
0 0.519271 0.613889 0.146875 0.122222
0 0.617969 0.500000 0.095312 0.237037
0 0.647917 0.615741 0.100000 0.131481
0 0.719010 0.660648 0.058854 0.158333
0 0.716146 0.775926 0.066667 0.124074
0 0.696875 0.814352 0.092708 0.108333
0 0.628646 0.890741 0.121875 0.092593
0 0.771875 0.788889 0.055208 0.107407
0 0.778646 0.675926 0.043750 0.129630
0 0.776302 0.560185 0.042188 0.124074
0 0.773958 0.505093 0.054167 0.113889
0 0.780469 0.447222 0.031771 0.112963
0 0.769010 0.412037 0.051562 0.122222
0 0.726562 0.240741 0.068750 0.072222
0 0.602604 0.188426 0.107292 0.128704
0 0.552865 0.143056 0.124479 0.134259
0 0.368229 0.093056 0.140625 0.126852