0 0.806771 0.682407 0.047917 0.059259
0 0.784896 0.398148 0.059375 0.068519
0 0.746875 0.759259 0.058333 0.075926
0 0.647396 0.620833 0.078125 0.145370
0 0.675260 0.788889 0.077604 0.114815
0 0.610417 0.822685 0.091667 0.132407
0 0.489844 0.738889 0.136979 0.155556
0 0.458854 0.897685 0.141667 0.082407
0 0.251563 0.846296 0.092708 0.153704
0 0.198958 0.658796 0.048958 0.225000
0 0.247917 0.489352 0.063542 0.226852
0 0.195312 0.459259 0.065625 0.201852
0 0.188542 0.366667 0.066667 0.211111
0 0.166667 0.176852 0.054167 0.166667
0 0.190625 0.066667 0.064583 0.122222
0 0.270313 0.063426 0.132292 0.126852
0 0.513281 0.050463 0.153646 0.093519
0 0.440625 0.076389 0.122917 0.115741
0 0.637240 0.081944 0.094271 0.093519
0 0.750000 0.135648 0.065625 0.060185