0 0.810677 0.667593 0.026562 0.098148
0 0.788802 0.685648 0.032813 0.121296
0 0.749479 0.723611 0.045833 0.150926
0 0.709635 0.746296 0.071354 0.094444
0 0.635417 0.816667 0.070833 0.061111
0 0.578385 0.813426 0.046354 0.171296
0 0.502344 0.892593 0.141146 0.087037
0 0.407031 0.868981 0.134896 0.091667
0 0.205469 0.821296 0.045312 0.194444
0 0.193490 0.618981 0.039062 0.206481
0 0.213802 0.374537 0.070312 0.241667
0 0.750000 0.150463 0.057292 0.143519
0 0.715104 0.137963 0.031250 0.094444
0 0.652344 0.077778 0.091146 0.072222
0 0.504427 0.040741 0.163021 0.075926
0 0.280469 0.054167 0.117188 0.108333
0 0.175781 0.111111 0.080729 0.094444
0 0.218490 0.043056 0.071354 0.082407
0 0.507812 0.815741 0.085417 0.194444