0 0.459115 0.083333 0.164062 0.129630
0 0.792188 0.488426 0.073958 0.097222
0 0.794271 0.803704 0.073958 0.085185
0 0.518490 0.930093 0.158854 0.108333
0 0.232031 0.162963 0.110937 0.151852
0 0.322917 0.237963 0.070833 0.218519
0 0.279167 0.278704 0.065625 0.209259
0 0.251042 0.322685 0.088542 0.230556
0 0.205990 0.317130 0.052604 0.250926
0 0.381771 0.335648 0.153125 0.158333
0 0.368750 0.434259 0.142708 0.122222
0 0.347656 0.498148 0.165104 0.140741
0 0.351823 0.574074 0.164062 0.129630
0 0.342187 0.647685 0.162500 0.132407
0 0.360156 0.756944 0.127604 0.137963
0 0.292969 0.733796 0.089063 0.212037
0 0.232552 0.676852 0.096354 0.244444
0 0.247656 0.779167 0.093229 0.197222
0 0.202083 0.739352 0.041667 0.204630