0 0.511198 0.338426 0.110937 0.184259
0 0.667448 0.406481 0.085938 0.159259
0 0.582812 0.913426 0.126042 0.082407
0 0.436979 0.951389 0.166667 0.095370
0 0.274479 0.947685 0.148958 0.102778
0 0.166406 0.464352 0.043229 0.260185
0 0.166667 0.747685 0.048958 0.230556
0 0.189583 0.910648 0.089583 0.143519
0 0.736458 0.401389 0.065625 0.076852
0 0.753646 0.787037 0.057292 0.107407
0 0.714583 0.853241 0.086458 0.099074
0 0.801302 0.790741 0.041146 0.062963
0 0.616667 0.121759 0.080208 0.067593
0 0.536979 0.093056 0.121875 0.082407
0 0.664583 0.182870 0.089583 0.069444
0 0.734635 0.201389 0.081771 0.089815
0 0.748698 0.246759 0.047396 0.095370
0 0.783854 0.233333 0.025000 0.066667
0 0.176042 0.102778 0.084375 0.140741
0 0.306510 0.070370 0.144271 0.120370