0 0.183594 0.162963 0.076563 0.183333
0 0.204167 0.283796 0.104167 0.104630
0 0.197135 0.375000 0.102604 0.142593
0 0.223698 0.503704 0.092188 0.092593
0 0.184115 0.544444 0.079687 0.216667
0 0.165365 0.641204 0.046354 0.204630
0 0.190625 0.829167 0.054167 0.210185
0 0.155990 0.826389 0.029687 0.197222
0 0.406510 0.954630 0.133854 0.087037
0 0.446615 0.884259 0.167187 0.103704
0 0.541406 0.937500 0.148438 0.091667
0 0.658073 0.892593 0.102604 0.096296
0 0.805729 0.646759 0.034375 0.082407
0 0.800521 0.545370 0.023958 0.116667
0 0.394531 0.408333 0.147396 0.153704
0 0.433594 0.521759 0.130729 0.175000
0 0.334115 0.069907 0.130729 0.067593
0 0.397135 0.131944 0.117188 0.108333
0 0.530729 0.075000 0.109375 0.064815
0 0.567187 0.133333 0.120833 0.092593