0 0.182292 0.189352 0.067708 0.158333
0 0.179427 0.365278 0.042188 0.210185
0 0.208073 0.372685 0.058854 0.223148
0 0.248958 0.416667 0.070833 0.224074
0 0.307292 0.475463 0.125000 0.099074
0 0.230469 0.672685 0.072396 0.236111
0 0.196615 0.671296 0.039062 0.209259
0 0.401823 0.853241 0.099479 0.154630
0 0.516406 0.869444 0.140104 0.107407
0 0.601823 0.831481 0.088021 0.107407
0 0.580469 0.782407 0.094271 0.107407
0 0.676823 0.812037 0.058854 0.120370
0 0.799219 0.686111 0.036979 0.068519
0 0.735156 0.118519 0.054688 0.062963
0 0.689844 0.129630 0.071354 0.112963
0 0.654948 0.095370 0.090104 0.101852
0 0.530469 0.059259 0.124479 0.107407
0 0.396875 0.051389 0.150000 0.100926
0 0.559375 0.264352 0.137500 0.136111
0 0.485938 0.355556 0.097917 0.237037