0 0.757552 0.187037 0.069271 0.072222
0 0.693750 0.175463 0.075000 0.156481
0 0.588802 0.121759 0.132812 0.106481
0 0.486458 0.089815 0.109375 0.094444
0 0.464062 0.182870 0.119792 0.176852
0 0.338281 0.120833 0.133854 0.084259
0 0.224479 0.146296 0.105208 0.090741
0 0.188802 0.231481 0.045312 0.164815
0 0.190104 0.405556 0.048958 0.203704
0 0.191667 0.612963 0.044792 0.225926
0 0.254427 0.647685 0.080729 0.212037
0 0.338542 0.539352 0.115625 0.141667
0 0.195833 0.866667 0.060417 0.198148
0 0.233594 0.952315 0.089063 0.078704
0 0.272396 0.900000 0.084375 0.196296
0 0.594792 0.942593 0.121875 0.094444
0 0.763021 0.800463 0.073958 0.062037
0 0.795052 0.773611 0.049479 0.093519
0 0.480469 0.796296 0.097396 0.168519
0 0.453385 0.595370 0.154688 0.090741
0 0.462500 0.972222 0.147917 0.053704