0 0.202083 0.182870 0.048958 0.178704
0 0.221615 0.414815 0.058854 0.212963
0 0.266927 0.542130 0.116146 0.137963
0 0.235417 0.657870 0.072917 0.191667
0 0.279167 0.841667 0.134375 0.090741
0 0.275260 0.893056 0.113021 0.086111
0 0.489583 0.927778 0.125000 0.103704
0 0.623177 0.908796 0.122396 0.086111
0 0.696875 0.869444 0.078125 0.070370
0 0.801562 0.682407 0.044792 0.150000
0 0.854427 0.510185 0.027604 0.100000
0 0.856510 0.685648 0.031771 0.108333
0 0.845833 0.713889 0.037500 0.101852
0 0.855208 0.369444 0.030208 0.125926
0 0.815885 0.178241 0.055729 0.071296
0 0.723958 0.090278 0.102083 0.112037
0 0.547917 0.062963 0.155208 0.100000
0 0.448177 0.127778 0.101562 0.166667
0 0.361979 0.138426 0.087500 0.200926