0 0.686458 0.093056 0.079167 0.080556
0 0.536979 0.043519 0.135417 0.085185
0 0.420312 0.049074 0.127083 0.098148
0 0.264062 0.162037 0.078125 0.188889
0 0.209115 0.173148 0.075521 0.214815
0 0.161979 0.177778 0.038542 0.205556
0 0.182292 0.404630 0.047917 0.196296
0 0.193229 0.584259 0.052083 0.212963
0 0.216667 0.814815 0.083333 0.212963
0 0.395573 0.881481 0.150521 0.096296
0 0.528125 0.882870 0.128125 0.076852
0 0.719271 0.760648 0.068750 0.145370
0 0.774219 0.718519 0.041146 0.061111
0 0.795573 0.668519 0.046354 0.124074
0 0.796875 0.440278 0.048958 0.089815
0 0.787760 0.521296 0.040104 0.079630
0 0.626302 0.503704 0.074479 0.185185
0 0.690625 0.465741 0.081250 0.129630
0 0.689844 0.531019 0.063021 0.171296
0 0.634635 0.639352 0.114062 0.102778