0 0.173437 0.192593 0.061458 0.235185
0 0.285677 0.189352 0.155729 0.163889
0 0.158333 0.607870 0.048958 0.241667
0 0.337500 0.765741 0.136458 0.251852
0 0.156510 0.811574 0.051562 0.184259
0 0.166406 0.905556 0.088021 0.118519
0 0.480990 0.893981 0.169271 0.136111
0 0.528646 0.913426 0.159375 0.147222
0 0.627865 0.875926 0.103646 0.138889
0 0.721875 0.843981 0.059375 0.058333
0 0.743750 0.790741 0.059375 0.105556
0 0.764323 0.745370 0.025521 0.055556
0 0.778906 0.774074 0.022396 0.077778
0 0.779167 0.680556 0.033333 0.116667
0 0.778385 0.567130 0.033854 0.141667
0 0.788281 0.457407 0.041146 0.118519
0 0.741927 0.413889 0.045312 0.162963
0 0.777604 0.330556 0.034375 0.146296
0 0.726562 0.279630 0.053125 0.101852
0 0.607292 0.273611 0.115625 0.139815
0 0.639844 0.370833 0.098437 0.110185
0 0.626302 0.501852 0.038021 0.196296
0 0.670312 0.635648 0.102083 0.110185
0 0.582812 0.714815 0.070833 0.246296
0 0.582812 0.509259 0.059375 0.253704
0 0.594271 0.171296 0.107292 0.096296
0 0.544531 0.146759 0.115104 0.123148