0 0.157031 0.140278 0.048438 0.149074
0 0.179688 0.107407 0.051042 0.175926
0 0.231250 0.103241 0.059375 0.169444
0 0.269792 0.078704 0.045833 0.137037
0 0.309375 0.098148 0.063542 0.153704
0 0.365625 0.083333 0.080208 0.146296
0 0.541406 0.087500 0.125521 0.078704
0 0.795052 0.715741 0.019271 0.114815
0 0.794531 0.784722 0.041146 0.054630
0 0.742708 0.823611 0.051042 0.110185
0 0.671875 0.888426 0.087500 0.082407
0 0.579167 0.875000 0.108333 0.103704
0 0.570312 0.953704 0.128125 0.085185
0 0.407292 0.943519 0.132292 0.111111
0 0.284115 0.385648 0.053646 0.241667
0 0.233854 0.571759 0.085417 0.243519
0 0.153125 0.723148 0.040625 0.207407
0 0.182812 0.740278 0.052083 0.165741
0 0.171354 0.866667 0.080208 0.120370
0 0.271875 0.920370 0.156250 0.135185