0 0.167708 0.175463 0.057292 0.221296
0 0.286458 0.190741 0.150000 0.162963
0 0.435156 0.084722 0.151562 0.102778
0 0.405208 0.116667 0.085417 0.187037
0 0.542708 0.146296 0.115625 0.107407
0 0.592448 0.166204 0.110937 0.086111
0 0.589583 0.265741 0.126042 0.133333
0 0.729688 0.261574 0.066667 0.152778
0 0.776563 0.330556 0.037500 0.120370
0 0.743490 0.415741 0.045312 0.146296
0 0.780469 0.451389 0.033854 0.145370
0 0.150260 0.803704 0.046354 0.190741
0 0.339323 0.763889 0.127604 0.246296
0 0.168229 0.906019 0.091667 0.119444
0 0.495573 0.579630 0.132812 0.114815
0 0.585156 0.665278 0.078646 0.252778
0 0.582031 0.478241 0.077604 0.199074
0 0.630729 0.377315 0.096875 0.123148
0 0.623958 0.518981 0.055208 0.200926
0 0.777083 0.566204 0.031250 0.137963
0 0.779948 0.677315 0.039062 0.121296
0 0.756250 0.759722 0.036458 0.095370
0 0.773177 0.778241 0.028646 0.078704
0 0.732031 0.832407 0.068229 0.072222
0 0.628646 0.876852 0.096875 0.146296
0 0.528125 0.910185 0.146875 0.138889
0 0.477865 0.894907 0.170313 0.154630