0 0.491667 0.119444 0.158333 0.096296
0 0.569531 0.101389 0.116146 0.108333
0 0.797917 0.231944 0.052083 0.080556
0 0.757292 0.210185 0.039583 0.092593
0 0.708333 0.181944 0.068750 0.137963
0 0.683594 0.275000 0.072396 0.148148
0 0.627083 0.272222 0.065625 0.216667
0 0.685417 0.518519 0.068750 0.196296
0 0.698438 0.658333 0.075000 0.146296
0 0.589844 0.656481 0.103646 0.209259
0 0.579688 0.894907 0.084375 0.169444
0 0.632031 0.815741 0.066146 0.133333
0 0.647396 0.932407 0.064583 0.129630
0 0.680729 0.855093 0.046875 0.106481
0 0.824219 0.714815 0.027604 0.092593
0 0.817708 0.766667 0.020833 0.051852
0 0.788542 0.778704 0.052083 0.090741
0 0.776563 0.827778 0.050000 0.070370
0 0.711719 0.792130 0.099479 0.075000
0 0.726042 0.843981 0.064583 0.047222
0 0.715104 0.900000 0.075000 0.061111