0 0.169531 0.155556 0.047396 0.166667
0 0.361979 0.254630 0.156250 0.118519
0 0.175521 0.354630 0.068750 0.214815
0 0.251823 0.421296 0.064062 0.266667
0 0.175000 0.606481 0.052083 0.218519
0 0.147135 0.700000 0.049479 0.209259
0 0.170052 0.807870 0.042188 0.175000
0 0.246615 0.789815 0.128646 0.096296
0 0.323958 0.877315 0.148958 0.134259
0 0.220833 0.668519 0.064583 0.212963
0 0.266927 0.637963 0.072396 0.250000
0 0.352604 0.663426 0.104167 0.163889
0 0.419271 0.496296 0.102083 0.211111
0 0.642448 0.868981 0.074479 0.167593
0 0.772135 0.785648 0.063021 0.069444
0 0.609375 0.357407 0.101042 0.185185
0 0.561719 0.098148 0.092188 0.081481
0 0.441927 0.065741 0.147396 0.083333
0 0.721354 0.181019 0.069792 0.123148
0 0.760417 0.239352 0.048958 0.054630