0 0.458333 0.091204 0.145833 0.080556
0 0.413281 0.129167 0.127604 0.097222
0 0.371875 0.149074 0.144792 0.109259
0 0.235677 0.142593 0.113021 0.120370
0 0.187240 0.217593 0.048438 0.179630
0 0.194271 0.404630 0.056250 0.212963
0 0.215625 0.475926 0.065625 0.172222
0 0.246615 0.588426 0.145313 0.089815
0 0.219271 0.711574 0.086458 0.158333
0 0.192188 0.877315 0.054167 0.182407
0 0.236458 0.927778 0.106250 0.114815
0 0.346354 0.876852 0.145833 0.101852
0 0.452344 0.937963 0.154688 0.103704
0 0.596615 0.946759 0.124479 0.082407
0 0.392188 0.700926 0.150000 0.083333
0 0.530469 0.758333 0.132812 0.088889
0 0.312240 0.267593 0.108854 0.131481
0 0.819792 0.273611 0.035417 0.110185
0 0.807031 0.753241 0.041146 0.108333
0 0.792448 0.792593 0.057813 0.068519
0 0.465365 0.951389 0.157812 0.095370