0 0.171354 0.166204 0.054167 0.195370
0 0.196615 0.179167 0.056771 0.262037
0 0.271354 0.109722 0.137500 0.125000
0 0.256510 0.247685 0.115104 0.197222
0 0.328646 0.216667 0.156250 0.164815
0 0.185677 0.364352 0.089063 0.210185
0 0.280990 0.415741 0.147396 0.248148
0 0.390885 0.404630 0.153646 0.229630
0 0.415625 0.323611 0.165625 0.163889
0 0.432552 0.208796 0.114062 0.210185
0 0.528646 0.223611 0.115625 0.160185
0 0.548438 0.139352 0.137500 0.123148
0 0.425260 0.100000 0.140104 0.140741
0 0.767188 0.311574 0.043750 0.104630
0 0.777604 0.360648 0.039583 0.112037
0 0.776563 0.472685 0.041667 0.134259
0 0.779948 0.577315 0.039062 0.100926
0 0.782031 0.658333 0.039062 0.085185
0 0.779687 0.756481 0.037500 0.122222
0 0.680208 0.850000 0.081250 0.138889
0 0.501302 0.777778 0.154688 0.142593
0 0.515365 0.867130 0.140104 0.086111
0 0.490625 0.913889 0.181250 0.107407
0 0.419271 0.936574 0.168750 0.125000
0 0.158333 0.760185 0.055208 0.257407
0 0.176302 0.526852 0.085938 0.222222