0 0.299479 0.309259 0.064583 0.242593
0 0.299219 0.570370 0.111979 0.220370
0 0.205469 0.575000 0.057813 0.179630
0 0.226042 0.837037 0.067708 0.162963
0 0.269010 0.700926 0.065104 0.183333
0 0.300260 0.864815 0.078646 0.159259
0 0.369271 0.289352 0.051042 0.226852
0 0.362760 0.452778 0.124479 0.135185
0 0.363281 0.618981 0.100521 0.169444
0 0.394271 0.728704 0.127083 0.072222
0 0.441406 0.809259 0.150521 0.096296
0 0.564323 0.918519 0.132812 0.094444
0 0.645052 0.789815 0.078646 0.207407
0 0.731250 0.796759 0.081250 0.130556
0 0.690104 0.894907 0.109375 0.078704
0 0.834375 0.720370 0.040625 0.124074
0 0.484635 0.155093 0.061979 0.234259
0 0.321354 0.756944 0.060417 0.202778
0 0.245052 0.620370 0.044271 0.261111