0 0.598958 0.545370 0.092708 0.111111
0 0.375000 0.402315 0.169792 0.106481
0 0.508854 0.411574 0.085417 0.245370
0 0.466667 0.351852 0.076042 0.242593
0 0.716146 0.302778 0.042708 0.168519
0 0.192708 0.441667 0.055208 0.218519
0 0.227865 0.821296 0.081771 0.174074
0 0.202604 0.716204 0.050000 0.210185
0 0.614583 0.775000 0.126042 0.090741
0 0.579167 0.859722 0.106250 0.078704
0 0.465365 0.871296 0.131771 0.142593
0 0.748958 0.731944 0.053125 0.095370
0 0.780208 0.683333 0.055208 0.100000
0 0.806250 0.667130 0.021875 0.056481
0 0.737500 0.154630 0.051042 0.087037
0 0.715104 0.107870 0.062500 0.095370
0 0.642969 0.068981 0.091146 0.082407
0 0.173698 0.188426 0.056771 0.171296
0 0.408073 0.045370 0.153646 0.090741
0 0.539844 0.057870 0.125521 0.093519