0 0.816406 0.475000 0.041146 0.124074
0 0.802604 0.612037 0.046875 0.083333
0 0.613802 0.381481 0.083854 0.216667
0 0.743490 0.739815 0.061979 0.107407
0 0.580729 0.846759 0.117708 0.139815
0 0.593229 0.038889 0.141667 0.070370
0 0.409375 0.143981 0.128125 0.150926
0 0.364583 0.873611 0.094792 0.167593
0 0.322135 0.875463 0.084896 0.163889
0 0.272656 0.881481 0.082812 0.157407
0 0.219271 0.779630 0.053125 0.242593
0 0.258073 0.223148 0.106771 0.172222
0 0.364063 0.066204 0.083333 0.128704
0 0.307292 0.075926 0.097917 0.151852
0 0.260417 0.070370 0.098958 0.140741
0 0.217708 0.076852 0.061458 0.124074
0 0.189583 0.094444 0.050000 0.159259
0 0.177604 0.171296 0.047917 0.129630
0 0.150781 0.089815 0.027604 0.107407
0 0.138281 0.112500 0.028646 0.136111