0 0.170313 0.177315 0.039583 0.180556
0 0.181250 0.383796 0.066667 0.213889
0 0.183594 0.599074 0.073438 0.225926
0 0.279167 0.914352 0.169792 0.119444
0 0.451562 0.948148 0.133333 0.088889
0 0.545312 0.921296 0.105208 0.079630
0 0.584635 0.872685 0.120313 0.099074
0 0.678906 0.850000 0.077604 0.131481
0 0.746094 0.827315 0.059896 0.062037
0 0.796354 0.694907 0.017708 0.115741
0 0.785156 0.655556 0.031771 0.144444
0 0.609115 0.784722 0.119271 0.108333
0 0.624479 0.843056 0.086458 0.058333
0 0.532031 0.676852 0.089063 0.227778
0 0.583333 0.539352 0.105208 0.097222
0 0.619531 0.350926 0.101562 0.140741
0 0.662760 0.147685 0.083854 0.082407
0 0.794792 0.343056 0.025000 0.110185
0 0.801823 0.282407 0.029687 0.083333
0 0.523698 0.118056 0.155729 0.126852