0 0.179688 0.742130 0.078125 0.243519
0 0.495312 0.774537 0.162500 0.150926
0 0.427083 0.948611 0.171875 0.100926
0 0.499740 0.919444 0.168229 0.120370
0 0.636458 0.914815 0.138542 0.092593
0 0.729427 0.380556 0.051562 0.157407
0 0.779948 0.472222 0.042188 0.151852
0 0.769792 0.304167 0.040625 0.108333
0 0.783073 0.362963 0.030729 0.114815
0 0.782292 0.664815 0.044792 0.107407
0 0.385156 0.583796 0.167187 0.169444
0 0.275260 0.447685 0.133854 0.282407
0 0.163281 0.184259 0.043229 0.216667
0 0.194271 0.209722 0.051042 0.236111
0 0.218229 0.109259 0.078125 0.148148
0 0.247656 0.250463 0.105729 0.219444
0 0.281250 0.218519 0.063542 0.205556
0 0.326302 0.156019 0.131771 0.215741
0 0.424479 0.098148 0.144792 0.116667
0 0.437240 0.209259 0.144271 0.203704
0 0.420573 0.315741 0.165104 0.216667
0 0.371354 0.365278 0.141667 0.221296
0 0.326302 0.403241 0.106771 0.262037
0 0.555208 0.354167 0.087500 0.210185
0 0.534635 0.221296 0.117188 0.151852
0 0.552604 0.124074 0.126042 0.096296