0 0.222656 0.537037 0.097396 0.150000
0 0.247396 0.632407 0.086458 0.198148
0 0.227604 0.700463 0.083333 0.178704
0 0.271094 0.725926 0.095312 0.192593
0 0.232292 0.843981 0.087500 0.149074
0 0.309635 0.768056 0.127604 0.130556
0 0.288021 0.827315 0.101042 0.100926
0 0.333073 0.846759 0.119271 0.132407
0 0.595052 0.790278 0.107813 0.097222
0 0.564583 0.866204 0.116667 0.086111
0 0.591667 0.075926 0.093750 0.138889
0 0.579427 0.093981 0.054688 0.108333
0 0.516406 0.116667 0.096354 0.183333
0 0.445052 0.037037 0.096354 0.074074
0 0.496094 0.090741 0.045312 0.138889
0 0.442188 0.150000 0.059375 0.177778
0 0.373698 0.077778 0.115104 0.116667
0 0.375781 0.136574 0.114062 0.108333
0 0.364063 0.185185 0.133333 0.125926
0 0.745052 0.132870 0.057813 0.082407