0 0.496354 0.922222 0.136458 0.087037
0 0.296615 0.736111 0.078646 0.205556
0 0.254167 0.731019 0.072917 0.219444
0 0.209375 0.689815 0.041667 0.207407
0 0.268750 0.656944 0.111458 0.149074
0 0.260677 0.517130 0.122396 0.158333
0 0.279687 0.507407 0.105208 0.146296
0 0.221615 0.388889 0.081771 0.212963
0 0.311979 0.422222 0.122917 0.153704
0 0.228906 0.316204 0.044271 0.212037
0 0.342187 0.362037 0.129167 0.144444
0 0.384375 0.335648 0.140625 0.141667
0 0.267448 0.236574 0.067187 0.204630
0 0.319010 0.219444 0.077604 0.131481
0 0.199740 0.182407 0.049479 0.155556
0 0.241406 0.205556 0.044271 0.162963
0 0.361198 0.135185 0.161979 0.101852
0 0.325260 0.105556 0.205729 0.112963