0 0.400000 0.118519 0.158333 0.153704
0 0.550781 0.149074 0.123438 0.122222
0 0.603646 0.171759 0.109375 0.097222
0 0.693750 0.222685 0.089583 0.119444
0 0.776823 0.298611 0.035937 0.099074
0 0.775260 0.425000 0.045312 0.090741
0 0.774219 0.519907 0.048438 0.102778
0 0.774479 0.578704 0.045833 0.146296
0 0.778906 0.689815 0.041146 0.105556
0 0.613542 0.490741 0.098958 0.216667
0 0.663802 0.495833 0.094271 0.149074
0 0.648698 0.629630 0.101562 0.144444
0 0.717448 0.624074 0.057813 0.135185
0 0.715625 0.676389 0.062500 0.160185
0 0.718490 0.764815 0.066146 0.096296
0 0.773177 0.788426 0.052604 0.091667
0 0.694271 0.812037 0.091667 0.081481
0 0.675521 0.868519 0.123958 0.092593
0 0.620573 0.905556 0.135937 0.096296
0 0.514844 0.950463 0.146354 0.091667
0 0.433333 0.903241 0.076042 0.189815
0 0.344531 0.754630 0.115104 0.270370
0 0.310156 0.880556 0.135937 0.205556
0 0.212240 0.913889 0.088021 0.148148
0 0.175260 0.904167 0.090104 0.143519
0 0.177344 0.707870 0.072396 0.263889
0 0.166406 0.471296 0.060937 0.316667