0 0.201042 0.206481 0.048958 0.190741
0 0.207031 0.388889 0.060937 0.205556
0 0.234375 0.525926 0.068750 0.207407
0 0.277865 0.612500 0.076563 0.226852
0 0.360156 0.439815 0.043229 0.275926
0 0.435417 0.791667 0.089583 0.218519
0 0.233333 0.827315 0.070833 0.178704
0 0.355990 0.853704 0.064062 0.216667
0 0.504167 0.862963 0.154167 0.148148
0 0.526823 0.932870 0.124479 0.075000
0 0.668490 0.118981 0.079687 0.154630
0 0.801823 0.169907 0.059896 0.082407
0 0.844010 0.282407 0.025521 0.118519
0 0.842708 0.411574 0.055208 0.060185
0 0.792708 0.749074 0.046875 0.118519
0 0.769010 0.791667 0.056771 0.120370
0 0.389323 0.071296 0.126562 0.090741
0 0.838802 0.212963 0.030729 0.111111
0 0.827083 0.206019 0.036458 0.099074