0 0.319010 0.907407 0.118229 0.181481
0 0.436979 0.959722 0.128125 0.078704
0 0.593750 0.726852 0.127083 0.120370
0 0.161719 0.807407 0.049479 0.207407
0 0.195833 0.638889 0.107292 0.094444
0 0.168229 0.476389 0.056250 0.230556
0 0.218750 0.335648 0.090625 0.204630
0 0.276042 0.373148 0.052083 0.196296
0 0.304427 0.441204 0.080729 0.250926
0 0.356771 0.506944 0.105208 0.228704
0 0.432031 0.393056 0.151562 0.141667
0 0.345313 0.270370 0.121875 0.090741
0 0.247917 0.214815 0.125000 0.120370
0 0.186458 0.181019 0.053125 0.163889
0 0.165625 0.139815 0.037500 0.144444
0 0.284115 0.075000 0.140104 0.064815
0 0.276302 0.115278 0.115104 0.075000
0 0.759896 0.237963 0.056250 0.061111
0 0.782813 0.273611 0.044792 0.076852
0 0.802604 0.719907 0.035417 0.130556