0 0.574219 0.076852 0.153646 0.103704
0 0.522396 0.480093 0.143750 0.143519
0 0.254688 0.442130 0.071875 0.232407
0 0.217448 0.452778 0.044271 0.216667
0 0.232292 0.664352 0.076042 0.226852
0 0.258333 0.646759 0.093750 0.187963
0 0.235677 0.838889 0.080729 0.162963
0 0.398958 0.893519 0.162500 0.114815
0 0.527344 0.854630 0.133854 0.140741
0 0.613281 0.852315 0.104688 0.136111
0 0.707552 0.856944 0.086979 0.136111
0 0.628125 0.903241 0.096875 0.099074
0 0.784896 0.765278 0.059375 0.121296
0 0.508594 0.945833 0.139063 0.078704
0 0.586198 0.542593 0.079687 0.246296
0 0.520573 0.609722 0.093229 0.195370
0 0.494531 0.651389 0.098437 0.197222
0 0.564583 0.732870 0.112500 0.165741
0 0.451823 0.679167 0.111979 0.254630