0 0.179427 0.219444 0.054688 0.183333
0 0.179688 0.540278 0.059375 0.269444
0 0.170833 0.719444 0.057292 0.196296
0 0.432812 0.950463 0.157292 0.097222
0 0.561198 0.918519 0.124479 0.100000
0 0.654687 0.875000 0.093750 0.094444
0 0.720052 0.850000 0.057813 0.064815
0 0.760677 0.782407 0.039062 0.118519
0 0.779948 0.745833 0.030729 0.115741
0 0.803906 0.747222 0.019271 0.090741
0 0.793229 0.662037 0.031250 0.109259
0 0.802083 0.318056 0.017708 0.112037
0 0.423958 0.237037 0.089583 0.227778
0 0.463802 0.389815 0.106771 0.222222
0 0.502604 0.269444 0.111458 0.170370
0 0.539062 0.128241 0.117708 0.063889
0 0.754427 0.248611 0.048438 0.075000
0 0.783854 0.278241 0.033333 0.087963
0 0.731250 0.201389 0.051042 0.058333
0 0.677083 0.159259 0.083333 0.075926