0 0.170573 0.160185 0.041146 0.157407
0 0.227604 0.112037 0.109375 0.079630
0 0.176563 0.519907 0.053125 0.236111
0 0.184896 0.752778 0.081250 0.222222
0 0.203646 0.682870 0.082292 0.247222
0 0.171354 0.833333 0.061458 0.177778
0 0.331510 0.940278 0.142187 0.078704
0 0.331250 0.838426 0.079167 0.189815
0 0.500521 0.906019 0.141667 0.084259
0 0.471094 0.960648 0.138021 0.071296
0 0.747656 0.824537 0.065104 0.060185
0 0.797656 0.711111 0.022396 0.092593
0 0.809896 0.575000 0.036458 0.101852
0 0.805729 0.298148 0.031250 0.085185
0 0.390885 0.478704 0.117188 0.192593
0 0.417187 0.526389 0.123958 0.212037
0 0.588542 0.192593 0.090625 0.157407
0 0.545052 0.146296 0.100521 0.120370
0 0.518750 0.106944 0.110417 0.097222
0 0.437240 0.067130 0.153646 0.099074