0 0.702604 0.432407 0.076042 0.077778
0 0.698438 0.554630 0.070833 0.203704
0 0.774479 0.472222 0.034375 0.155556
0 0.789844 0.506481 0.033854 0.150000
0 0.780208 0.673148 0.040625 0.124074
0 0.513542 0.914352 0.158333 0.110185
0 0.321354 0.900463 0.089583 0.187963
0 0.203906 0.882870 0.095312 0.208333
0 0.179948 0.734259 0.072396 0.246296
0 0.159375 0.550000 0.051042 0.257407
0 0.187500 0.416204 0.080208 0.200926
0 0.176302 0.181481 0.058854 0.218519
0 0.238802 0.108796 0.088021 0.167593
0 0.314583 0.121296 0.107292 0.153704
0 0.229687 0.289352 0.100000 0.199074
0 0.284896 0.224074 0.065625 0.183333
0 0.273698 0.448148 0.119271 0.283333
0 0.325781 0.420833 0.114062 0.276852
0 0.414583 0.352315 0.147917 0.163889
0 0.366406 0.380556 0.164062 0.209259
0 0.429167 0.262037 0.164583 0.161111
0 0.436719 0.206481 0.141146 0.200000
0 0.424479 0.091667 0.139583 0.112963
0 0.547656 0.131944 0.125521 0.102778
0 0.544792 0.234722 0.108333 0.204630
0 0.622917 0.179167 0.088542 0.082407