0 0.135254 0.340495 0.090820 0.166667
0 0.238525 0.221029 0.050293 0.155599
0 0.280518 0.277018 0.051270 0.208984
0 0.367432 0.215820 0.140137 0.143880
0 0.405029 0.115234 0.130371 0.092448
0 0.534180 0.094401 0.137695 0.080729
0 0.467773 0.275391 0.061523 0.196615
0 0.333496 0.316732 0.103516 0.224609
0 0.211426 0.335286 0.100586 0.135417
0 0.298584 0.452148 0.156738 0.121745
0 0.195801 0.475911 0.057617 0.171875
0 0.247803 0.560547 0.141113 0.161458
0 0.249756 0.619792 0.123535 0.114583
0 0.242676 0.688151 0.126953 0.088542
0 0.293701 0.740885 0.135254 0.083333
0 0.283936 0.790365 0.165527 0.118490
0 0.299316 0.867839 0.163086 0.092448
0 0.183594 0.844401 0.089844 0.093750
0 0.122803 0.800781 0.052246 0.093750
0 0.110352 0.752604 0.051758 0.119792
0 0.075684 0.735352 0.038086 0.139974
0 0.078369 0.589193 0.062988 0.157552
0 0.467041 0.854818 0.141113 0.127604
0 0.604736 0.834310 0.164551 0.139974
0 0.751709 0.715169 0.149902 0.116536
0 0.797119 0.136719 0.087402 0.102865
0 0.732910 0.113607 0.089844 0.102214
0 0.663086 0.114258 0.127930 0.125651