0 0.181641 0.187174 0.117188 0.107422
0 0.112305 0.293294 0.071289 0.162109
0 0.069336 0.315104 0.038086 0.105469
0 0.055176 0.406576 0.045898 0.108724
0 0.102051 0.396159 0.064453 0.057943
0 0.069092 0.590495 0.049316 0.161458
0 0.087158 0.733724 0.049316 0.149740
0 0.182129 0.821940 0.099609 0.138672
0 0.277100 0.868490 0.120605 0.079427
0 0.422852 0.878255 0.191406 0.097656
0 0.470703 0.842773 0.178711 0.126953
0 0.614746 0.837240 0.153320 0.158854
0 0.873291 0.648763 0.123535 0.123047
0 0.840576 0.572591 0.082520 0.208984
0 0.829590 0.402669 0.097656 0.175130
0 0.931152 0.500000 0.047852 0.174479
0 0.893799 0.233398 0.034668 0.133464
0 0.869385 0.165039 0.041504 0.095703
0 0.839844 0.213216 0.095703 0.207682
0 0.831055 0.117188 0.067383 0.046875
0 0.754150 0.113607 0.104004 0.116536
0 0.701904 0.080729 0.021973 0.057292
0 0.239502 0.503255 0.159668 0.113281
0 0.261963 0.641276 0.153809 0.151042
0 0.377686 0.551432 0.147949 0.309896
0 0.332031 0.306315 0.078125 0.233724
0 0.613525 0.097982 0.170410 0.107422
0 0.498779 0.086914 0.133301 0.070964