0 0.078857 0.285807 0.096191 0.065104
0 0.067383 0.369141 0.054688 0.117188
0 0.065186 0.562826 0.047363 0.155599
0 0.072754 0.697591 0.043945 0.139974
0 0.159180 0.403320 0.107422 0.176432
0 0.114502 0.808919 0.061035 0.095703
0 0.124512 0.736654 0.076172 0.119141
0 0.180664 0.842122 0.090820 0.091797
0 0.196777 0.808268 0.108398 0.132161
0 0.324219 0.365885 0.153320 0.095052
0 0.312744 0.875651 0.128418 0.082031
0 0.431885 0.880534 0.145020 0.082682
0 0.419434 0.807292 0.174805 0.123698
0 0.586914 0.770182 0.081055 0.239583
0 0.643311 0.847005 0.104004 0.085938
0 0.692871 0.734375 0.152344 0.209635
0 0.651611 0.616536 0.158691 0.152344
0 0.873779 0.630859 0.093262 0.108073
0 0.903564 0.488281 0.062012 0.139323
0 0.916748 0.437174 0.052246 0.149089
0 0.889160 0.294596 0.059570 0.149089
0 0.819092 0.149089 0.090332 0.084635
0 0.802979 0.113607 0.079590 0.047526
0 0.724854 0.143555 0.066895 0.146484
0 0.662354 0.090495 0.096191 0.084635
0 0.645752 0.142253 0.122559 0.155599
0 0.608643 0.188151 0.077637 0.171875
0 0.484863 0.119792 0.091797 0.174479