0 0.058105 0.455078 0.033203 0.140625
0 0.075928 0.404297 0.034668 0.125000
0 0.100098 0.423503 0.037109 0.138672
0 0.091553 0.535482 0.033691 0.171224
0 0.066895 0.609375 0.049805 0.149740
0 0.087402 0.781250 0.062500 0.087240
0 0.139893 0.823568 0.083496 0.082031
0 0.202881 0.730143 0.061035 0.159505
0 0.232178 0.786133 0.072754 0.151693
0 0.290283 0.739258 0.126465 0.158203
0 0.299561 0.892578 0.152832 0.084635
0 0.533936 0.855143 0.161621 0.119141
0 0.599609 0.542318 0.074219 0.230469
0 0.088379 0.252279 0.067383 0.087891
0 0.142090 0.272461 0.071289 0.085286
0 0.189697 0.221354 0.073730 0.122396
0 0.256104 0.189779 0.114746 0.136068
0 0.204102 0.365560 0.083984 0.159505
0 0.391113 0.102865 0.118164 0.098958
0 0.518066 0.084961 0.131836 0.099609
0 0.646729 0.096354 0.109863 0.105469
0 0.841309 0.272135 0.079102 0.164062
0 0.781250 0.396484 0.099609 0.247396
0 0.920410 0.421549 0.041992 0.147786
0 0.719482 0.573568 0.112793 0.203125
0 0.796875 0.581706 0.093750 0.177734
0 0.885986 0.638997 0.060059 0.072266
0 0.821777 0.679362 0.094727 0.082682