0 0.336670 0.865234 0.137207 0.128906
0 0.443359 0.876953 0.159180 0.083333
0 0.595947 0.817383 0.137207 0.166016
0 0.722656 0.697917 0.158203 0.147135
0 0.800781 0.622070 0.127930 0.143880
0 0.886719 0.622721 0.074219 0.120443
0 0.935059 0.505534 0.029297 0.125651
0 0.913574 0.401693 0.043945 0.156250
0 0.850098 0.354492 0.080078 0.173828
0 0.840820 0.390951 0.078125 0.166016
0 0.822998 0.501953 0.106934 0.121094
0 0.847168 0.225911 0.109375 0.132812
0 0.776123 0.130534 0.088379 0.091797
0 0.629639 0.072266 0.137207 0.080729
0 0.503662 0.088867 0.143066 0.085286
0 0.387939 0.119792 0.118652 0.097656
0 0.466064 0.398112 0.144043 0.263672
0 0.371094 0.384766 0.071289 0.252604
0 0.282715 0.342122 0.115234 0.214193
0 0.147461 0.254557 0.055664 0.138021
0 0.181641 0.430664 0.061523 0.216797
0 0.123047 0.380208 0.072266 0.063802
0 0.068115 0.299479 0.069824 0.147135
0 0.111328 0.470052 0.083984 0.131510
0 0.072998 0.465495 0.044434 0.147135
0 0.044434 0.545898 0.056641 0.147786
0 0.068359 0.659180 0.055664 0.128255
0 0.087402 0.811849 0.080078 0.065104