0 0.054167 0.456944 0.050000 0.180556
0 0.067448 0.557870 0.046354 0.134259
0 0.072917 0.592130 0.034375 0.136111
0 0.079687 0.706481 0.060417 0.111111
0 0.088281 0.775463 0.040104 0.058333
0 0.114583 0.825000 0.057292 0.079630
0 0.151562 0.754630 0.088542 0.103704
0 0.167969 0.804630 0.089063 0.055556
0 0.196615 0.853704 0.113021 0.072222
0 0.360417 0.875926 0.144792 0.081481
0 0.477604 0.857407 0.185417 0.118519
0 0.139583 0.386574 0.104167 0.106481
0 0.252604 0.249074 0.070833 0.161111
0 0.438281 0.119444 0.172396 0.105556
0 0.478646 0.077315 0.133333 0.056481
0 0.713281 0.501852 0.160938 0.161111
0 0.740885 0.420370 0.153646 0.116667
0 0.770833 0.365741 0.108333 0.148148
0 0.741146 0.115278 0.134375 0.147222
0 0.851302 0.151852 0.068229 0.103704
0 0.886719 0.150463 0.049479 0.123148
0 0.769792 0.656481 0.113542 0.127778
0 0.696354 0.734259 0.170833 0.174074
0 0.860156 0.639352 0.073438 0.117593
0 0.917969 0.584259 0.054688 0.133333
0 0.914062 0.447222 0.062500 0.179630
0 0.887500 0.291204 0.042708 0.162037
0 0.913021 0.306944 0.025000 0.113889