0 0.370605 0.193034 0.157227 0.106120
0 0.316650 0.329753 0.162598 0.222005
0 0.269775 0.265299 0.079590 0.180339
0 0.243896 0.215820 0.058105 0.156901
0 0.198975 0.350260 0.085449 0.104167
0 0.196777 0.456055 0.101562 0.146484
0 0.107666 0.482096 0.051270 0.151693
0 0.083984 0.388021 0.058594 0.066406
0 0.063232 0.500326 0.072754 0.110026
0 0.076172 0.605469 0.055664 0.127604
0 0.203613 0.522786 0.109375 0.123698
0 0.247803 0.532878 0.143066 0.212891
0 0.326660 0.617188 0.112305 0.207031
0 0.241699 0.624023 0.125977 0.120443
0 0.226074 0.701172 0.109375 0.082031
0 0.080811 0.738281 0.043457 0.141927
0 0.111816 0.754557 0.051758 0.119792
0 0.121582 0.803711 0.050781 0.089193
0 0.181885 0.846029 0.102051 0.090495
0 0.284668 0.757161 0.165039 0.135417
0 0.298828 0.849935 0.152344 0.126953
0 0.467529 0.853516 0.146973 0.128906
0 0.605957 0.837240 0.159180 0.138021
0 0.406738 0.116211 0.140625 0.091797
0 0.542236 0.096029 0.138184 0.103516
0 0.659180 0.107747 0.128906 0.124349
0 0.734131 0.111654 0.086426 0.110026
0 0.801025 0.128255 0.077637 0.080729