0 0.586914 0.854492 0.188477 0.103516
0 0.439941 0.863607 0.152344 0.119141
0 0.304932 0.870768 0.131348 0.099609
0 0.237549 0.838867 0.068848 0.107422
0 0.196289 0.732747 0.139648 0.104818
0 0.195557 0.827474 0.038574 0.105469
0 0.157959 0.762044 0.058105 0.059245
0 0.163574 0.801758 0.062500 0.063151
0 0.140381 0.828125 0.081543 0.119792
0 0.117676 0.829753 0.059570 0.094401
0 0.076416 0.733724 0.041504 0.153646
0 0.065186 0.548177 0.052246 0.145833
0 0.086182 0.496419 0.070801 0.087891
0 0.064209 0.408854 0.043457 0.121094
0 0.115723 0.403971 0.048828 0.133464
0 0.133545 0.276367 0.064941 0.141276
0 0.383545 0.161458 0.076660 0.156250
0 0.456055 0.088542 0.138672 0.066406
0 0.469482 0.150716 0.132324 0.091797
0 0.585693 0.076823 0.120605 0.065104
0 0.606689 0.120443 0.144043 0.105469
0 0.632568 0.149089 0.082520 0.097656
0 0.581543 0.262044 0.154297 0.150391
0 0.740234 0.145182 0.072266 0.096354
0 0.864746 0.166992 0.083984 0.145182
0 0.901123 0.311198 0.052246 0.145833
0 0.921631 0.448242 0.032715 0.132161
0 0.861084 0.666667 0.074707 0.162760