0 0.698698 0.734722 0.179688 0.156481
0 0.841667 0.664352 0.084375 0.169444
0 0.888542 0.640278 0.040625 0.167593
0 0.862240 0.528704 0.060937 0.111111
0 0.898177 0.465741 0.097396 0.146296
0 0.850521 0.298611 0.084375 0.197222
0 0.881250 0.290278 0.051042 0.165741
0 0.907552 0.327778 0.041146 0.142593
0 0.855208 0.177315 0.101042 0.160185
0 0.688542 0.291667 0.131250 0.159259
0 0.561719 0.307407 0.096354 0.222222
0 0.585677 0.080556 0.161979 0.081481
0 0.384375 0.281481 0.185417 0.124074
0 0.378646 0.190741 0.173958 0.127778
0 0.407552 0.108333 0.160938 0.092593
0 0.233854 0.222685 0.071875 0.143519
0 0.207552 0.318981 0.146354 0.143519
0 0.411198 0.791667 0.149479 0.225926
0 0.433594 0.862963 0.159896 0.148148
0 0.330729 0.838426 0.082292 0.169444
0 0.238281 0.843056 0.109896 0.115741
0 0.117708 0.805556 0.086458 0.109259
0 0.101823 0.732407 0.067187 0.124074
0 0.063021 0.668056 0.054167 0.171296
0 0.097917 0.541667 0.088542 0.072222
0 0.081771 0.481019 0.038542 0.078704
0 0.070052 0.422222 0.059896 0.161111
0 0.053646 0.526852 0.021875 0.105556