0 0.270313 0.215278 0.110417 0.160185
0 0.211979 0.181481 0.101042 0.092593
0 0.166667 0.279167 0.105208 0.121296
0 0.377344 0.171296 0.093229 0.175926
0 0.440625 0.101852 0.129167 0.100000
0 0.325781 0.379630 0.174479 0.111111
0 0.405469 0.437037 0.153646 0.216667
0 0.494010 0.500463 0.100521 0.343519
0 0.508594 0.341204 0.048438 0.145370
0 0.061979 0.417593 0.061458 0.140741
0 0.054427 0.499074 0.032813 0.075926
0 0.064323 0.600463 0.034896 0.163889
0 0.092448 0.750000 0.091146 0.088889
0 0.115885 0.821759 0.082812 0.071296
0 0.188542 0.783796 0.091667 0.075000
0 0.221615 0.821296 0.102604 0.075926
0 0.290104 0.866204 0.138542 0.071296
0 0.457552 0.881944 0.176563 0.128704
0 0.596354 0.800926 0.151042 0.175926
0 0.851302 0.646296 0.085938 0.218519
0 0.879948 0.607870 0.085938 0.197222
0 0.919271 0.618519 0.026042 0.144444
0 0.910677 0.545370 0.092188 0.174074
0 0.921354 0.481019 0.041667 0.128704
0 0.901042 0.315741 0.055208 0.151852
0 0.864844 0.172685 0.081771 0.104630
0 0.603906 0.172222 0.072396 0.148148
0 0.593750 0.082407 0.144792 0.064815