0 0.595947 0.864258 0.179199 0.093099
0 0.647217 0.690104 0.111816 0.268229
0 0.612305 0.806966 0.090820 0.117839
0 0.733887 0.690104 0.128906 0.261719
0 0.790283 0.681641 0.102051 0.130208
0 0.385254 0.851562 0.110352 0.252604
0 0.352051 0.661458 0.109375 0.173177
0 0.258545 0.810221 0.149902 0.201172
0 0.230957 0.856120 0.109375 0.072917
0 0.110840 0.816732 0.096680 0.117839
0 0.080078 0.710286 0.037109 0.100260
0 0.113037 0.611003 0.070801 0.166016
0 0.139893 0.555990 0.052246 0.186198
0 0.059570 0.552083 0.038086 0.165365
0 0.062988 0.438151 0.073242 0.080729
0 0.051514 0.344727 0.050293 0.110026
0 0.083496 0.343424 0.041992 0.093099
0 0.089355 0.250000 0.055664 0.079427
0 0.115967 0.268229 0.069824 0.122396
0 0.286865 0.294922 0.132324 0.115885
0 0.307617 0.184245 0.134766 0.089844
0 0.422852 0.120443 0.132812 0.143229
0 0.574951 0.060872 0.137207 0.100911
0 0.725830 0.115885 0.143066 0.098958
0 0.760254 0.083984 0.097656 0.082031
0 0.883301 0.222656 0.079102 0.164062
0 0.897949 0.595703 0.066406 0.122396
0 0.929688 0.526367 0.043945 0.102214