0 0.062760 0.560648 0.038021 0.147222
0 0.078646 0.510185 0.042708 0.164815
0 0.073177 0.417130 0.063021 0.165741
0 0.202083 0.317130 0.121875 0.125000
0 0.248698 0.201389 0.098437 0.119444
0 0.409115 0.121296 0.151562 0.105556
0 0.380469 0.200926 0.157812 0.094444
0 0.377083 0.278704 0.159375 0.101852
0 0.419271 0.307407 0.154167 0.109259
0 0.415365 0.381019 0.177604 0.128704
0 0.629948 0.313889 0.120313 0.187037
0 0.688021 0.372685 0.150000 0.110185
0 0.703125 0.284259 0.098958 0.124074
0 0.625521 0.122685 0.138542 0.067593
0 0.584896 0.076389 0.148958 0.065741
0 0.848958 0.178704 0.095833 0.148148
0 0.894271 0.306481 0.038542 0.137037
0 0.854427 0.300926 0.074479 0.192593
0 0.813281 0.328241 0.129688 0.130556
0 0.938021 0.553241 0.056250 0.078704
0 0.897135 0.621296 0.044271 0.203704
0 0.842187 0.615278 0.083333 0.217593
0 0.795833 0.660185 0.093750 0.194444
0 0.595573 0.846759 0.177604 0.137963
0 0.428385 0.860648 0.165104 0.128704
0 0.403385 0.781019 0.126562 0.200926
0 0.313021 0.823148 0.072917 0.181481
0 0.242708 0.841667 0.106250 0.116667