0 0.694010 0.725000 0.166146 0.187037
0 0.846094 0.653241 0.079687 0.197222
0 0.891927 0.648148 0.036979 0.183333
0 0.919531 0.632407 0.043229 0.190741
0 0.896615 0.453241 0.095312 0.143519
0 0.849219 0.297222 0.077604 0.190741
0 0.879687 0.282407 0.052083 0.146296
0 0.908594 0.318981 0.045312 0.139815
0 0.858594 0.178241 0.100521 0.137963
0 0.686719 0.296296 0.131771 0.168519
0 0.586979 0.079630 0.158333 0.087037
0 0.411458 0.107870 0.161458 0.080556
0 0.382552 0.181019 0.185938 0.115741
0 0.332292 0.303241 0.085417 0.245370
0 0.430469 0.325000 0.161979 0.131481
0 0.204948 0.315278 0.131771 0.132407
0 0.259896 0.220370 0.066667 0.127778
0 0.073958 0.416204 0.067708 0.169444
0 0.081771 0.522685 0.045833 0.180556
0 0.049740 0.537037 0.023438 0.125926
0 0.062500 0.665741 0.048958 0.172222
0 0.104688 0.734259 0.072917 0.124074
0 0.113542 0.800463 0.088542 0.099074
0 0.237760 0.839815 0.113021 0.118519
0 0.323958 0.830093 0.082292 0.173148
0 0.407552 0.791667 0.131771 0.211111
0 0.433594 0.862037 0.152604 0.150000
0 0.223698 0.197685 0.051562 0.117593