0 0.076416 0.640625 0.056152 0.138021
0 0.074219 0.574544 0.041992 0.151693
0 0.133301 0.482096 0.079102 0.085286
0 0.069580 0.471354 0.058105 0.063802
0 0.061279 0.410482 0.027832 0.077474
0 0.086914 0.376302 0.041992 0.139323
0 0.231201 0.322917 0.118652 0.106771
0 0.144531 0.355143 0.091797 0.094401
0 0.135254 0.436523 0.078125 0.070964
0 0.390869 0.196615 0.119629 0.121094
0 0.423340 0.108073 0.140625 0.092448
0 0.332764 0.219076 0.112793 0.100911
0 0.283447 0.249023 0.132324 0.095703
0 0.542725 0.081055 0.144043 0.078776
0 0.346191 0.354492 0.085938 0.198568
0 0.664795 0.095703 0.100098 0.074219
0 0.874512 0.257487 0.091797 0.175130
0 0.737305 0.124349 0.140625 0.097656
0 0.687256 0.324219 0.082520 0.194010
0 0.109619 0.809570 0.070801 0.078776
0 0.193359 0.832031 0.103516 0.105469
0 0.376953 0.875326 0.157227 0.086589
0 0.822754 0.363281 0.072266 0.187500
0 0.791016 0.542643 0.103516 0.184245
0 0.820068 0.625000 0.119629 0.169271
0 0.878662 0.630534 0.083496 0.108724
0 0.650879 0.777669 0.123047 0.223307
0 0.526367 0.852214 0.174805 0.111979