0 0.091406 0.620370 0.061979 0.124074
0 0.059115 0.552315 0.031771 0.156481
0 0.082292 0.313426 0.061458 0.121296
0 0.227604 0.196296 0.084375 0.137037
0 0.373698 0.124537 0.093229 0.106481
0 0.461979 0.126389 0.083333 0.150926
0 0.592187 0.082407 0.133333 0.112963
0 0.773177 0.124074 0.084896 0.205556
0 0.869271 0.167593 0.052083 0.098148
0 0.892969 0.274074 0.061979 0.144444
0 0.907552 0.355556 0.039062 0.057407
0 0.924479 0.446296 0.043750 0.138889
0 0.931250 0.529630 0.034375 0.124074
0 0.905990 0.619444 0.065104 0.153704
0 0.871615 0.568981 0.099479 0.195370
0 0.734635 0.467593 0.120313 0.209259
0 0.780990 0.667593 0.140104 0.200000
0 0.602344 0.744444 0.200521 0.146296
0 0.589323 0.824537 0.182812 0.139815
0 0.469531 0.708333 0.170313 0.127778
0 0.526042 0.908333 0.178125 0.098148
0 0.453646 0.853704 0.114583 0.127778
0 0.433333 0.813889 0.153125 0.109259
0 0.374219 0.679167 0.104688 0.175000
0 0.310937 0.878241 0.092708 0.208333
0 0.263281 0.887037 0.043229 0.064815
0 0.191146 0.841204 0.106250 0.086111
0 0.113281 0.797685 0.058854 0.097222