0 0.456510 0.900000 0.196354 0.131481
0 0.578906 0.875463 0.164062 0.193519
0 0.647917 0.837037 0.120833 0.175926
0 0.633594 0.659722 0.186979 0.167593
0 0.682552 0.718056 0.176563 0.117593
0 0.662760 0.498611 0.129688 0.167593
0 0.773698 0.705093 0.061979 0.219444
0 0.802604 0.661574 0.090625 0.273148
0 0.863281 0.656019 0.041146 0.202778
0 0.891406 0.657407 0.032813 0.155556
0 0.887760 0.545370 0.060937 0.116667
0 0.922396 0.624537 0.037500 0.175000
0 0.871094 0.187963 0.078646 0.105556
0 0.609896 0.084259 0.148958 0.088889
0 0.487500 0.108796 0.076042 0.165741
0 0.425260 0.129167 0.098437 0.169444
0 0.346615 0.127778 0.141146 0.187037
0 0.447917 0.333796 0.223958 0.189815
0 0.559375 0.325926 0.152083 0.098148
0 0.223438 0.264815 0.069792 0.181481
0 0.109896 0.388889 0.070833 0.170370
0 0.082812 0.307870 0.065625 0.071296
0 0.057031 0.304167 0.044271 0.152778
0 0.069010 0.542130 0.093229 0.078704
0 0.096094 0.809259 0.098437 0.131481
0 0.178125 0.856944 0.118750 0.143519
0 0.213021 0.859722 0.117708 0.176852
0 0.304948 0.895833 0.161979 0.167593