0 0.414844 0.628241 0.199479 0.119444
0 0.060677 0.461574 0.040104 0.145370
0 0.061458 0.596296 0.038542 0.138889
0 0.064583 0.702315 0.073958 0.152778
0 0.201042 0.233796 0.111458 0.152778
0 0.321354 0.144444 0.161458 0.116667
0 0.294531 0.239815 0.091146 0.103704
0 0.402865 0.175463 0.086979 0.087963
0 0.450781 0.096296 0.140104 0.112963
0 0.514844 0.108796 0.125521 0.117593
0 0.863542 0.175926 0.065625 0.057407
0 0.815885 0.251389 0.093229 0.086111
0 0.898177 0.264815 0.048438 0.125926
0 0.910417 0.480556 0.084375 0.129630
0 0.814323 0.536111 0.113021 0.251852
0 0.926302 0.521296 0.034896 0.116667
0 0.914062 0.623611 0.035417 0.150926
0 0.856250 0.661111 0.103125 0.142593
0 0.878385 0.592593 0.072396 0.218519
0 0.617708 0.849537 0.073958 0.250926
0 0.473958 0.872222 0.201042 0.092593
0 0.204167 0.181481 0.084375 0.098148
0 0.380208 0.711111 0.095833 0.151852
0 0.296094 0.778241 0.176563 0.143519
0 0.297917 0.868519 0.132292 0.087037
0 0.113281 0.820370 0.075521 0.083333
0 0.170833 0.795833 0.064583 0.147222
0 0.208594 0.844444 0.079687 0.075926