0 0.060791 0.311198 0.054199 0.110677
0 0.088379 0.423177 0.058594 0.128906
0 0.050049 0.424154 0.049316 0.115234
0 0.058594 0.513997 0.054688 0.110026
0 0.065430 0.614258 0.041992 0.120443
0 0.119629 0.573242 0.076172 0.098307
0 0.080566 0.710938 0.070312 0.088542
0 0.141113 0.823568 0.075195 0.078125
0 0.191650 0.734375 0.047363 0.167969
0 0.223389 0.787109 0.056152 0.156250
0 0.289795 0.774414 0.140137 0.072266
0 0.301270 0.859701 0.139648 0.106120
0 0.563477 0.581706 0.151367 0.186849
0 0.468506 0.378906 0.192871 0.147135
0 0.221436 0.236979 0.065918 0.170573
0 0.295654 0.324544 0.126465 0.154297
0 0.351074 0.147786 0.091797 0.134115
0 0.526611 0.074219 0.144043 0.089844
0 0.667236 0.078776 0.117676 0.083333
0 0.751709 0.118815 0.059082 0.141276
0 0.764893 0.255859 0.128418 0.093750
0 0.732178 0.379883 0.089355 0.210286
0 0.656494 0.444987 0.152832 0.150391
0 0.905273 0.619141 0.114258 0.135417
0 0.908447 0.262695 0.080566 0.142578
0 0.860840 0.437500 0.089844 0.187500
0 0.920410 0.423828 0.041016 0.148438
0 0.257812 0.569661 0.165039 0.105469