0 0.211182 0.200846 0.147949 0.125651
0 0.297363 0.238932 0.082031 0.143229
0 0.366455 0.217448 0.133301 0.153646
0 0.416504 0.135417 0.145508 0.092448
0 0.523438 0.092122 0.153320 0.085286
0 0.197510 0.289388 0.112793 0.136068
0 0.211182 0.352214 0.119629 0.122396
0 0.135986 0.427409 0.075684 0.106120
0 0.252686 0.510742 0.145996 0.220703
0 0.268311 0.362305 0.149902 0.128255
0 0.436768 0.584961 0.191895 0.301432
0 0.261963 0.601237 0.142090 0.120443
0 0.260498 0.688151 0.130371 0.089844
0 0.287109 0.751953 0.137695 0.089844
0 0.067383 0.589193 0.045898 0.154948
0 0.080322 0.723307 0.045410 0.134115
0 0.113770 0.744141 0.052734 0.145833
0 0.119385 0.799154 0.045410 0.091797
0 0.185059 0.821289 0.097656 0.133464
0 0.290039 0.837565 0.148438 0.107422
0 0.468506 0.847982 0.150879 0.137370
0 0.600830 0.828125 0.169434 0.145833
0 0.769043 0.710938 0.117188 0.195312
0 0.896240 0.578451 0.076660 0.119141
0 0.932861 0.501628 0.045410 0.172526
0 0.865479 0.156901 0.041504 0.110677
0 0.792969 0.156576 0.105469 0.110026
0 0.747803 0.090820 0.116699 0.068359