0 0.092188 0.343056 0.061458 0.141667
0 0.144792 0.308796 0.073958 0.169444
0 0.190625 0.366204 0.095833 0.171296
0 0.211979 0.223148 0.102083 0.124074
0 0.245573 0.198611 0.072396 0.100926
0 0.322917 0.170833 0.097917 0.143519
0 0.381510 0.377778 0.107813 0.172222
0 0.439844 0.312963 0.072396 0.251852
0 0.549219 0.305556 0.171354 0.124074
0 0.667708 0.240741 0.095833 0.211111
0 0.725781 0.271759 0.080729 0.171296
0 0.737760 0.162037 0.103646 0.090741
0 0.880729 0.252778 0.067708 0.157407
0 0.810677 0.318519 0.095312 0.151852
0 0.729688 0.455556 0.147917 0.181481
0 0.893750 0.381019 0.056250 0.141667
0 0.932552 0.419907 0.031771 0.171296
0 0.948177 0.483333 0.054688 0.148148
0 0.804427 0.493519 0.103646 0.109259
0 0.844271 0.448148 0.068750 0.177778
0 0.811198 0.570370 0.129688 0.075926
0 0.825521 0.651389 0.113542 0.099074
0 0.873437 0.538889 0.096875 0.177778
0 0.906771 0.616204 0.057292 0.110185
0 0.704167 0.744444 0.110417 0.188889
0 0.303906 0.871296 0.125521 0.083333
0 0.191667 0.857870 0.118750 0.099074
0 0.082031 0.729630 0.050521 0.133333