0 0.646484 0.771484 0.133789 0.231771
0 0.531250 0.852539 0.168945 0.125651
0 0.382080 0.876628 0.152832 0.086589
0 0.192627 0.837891 0.121582 0.093750
0 0.110840 0.806641 0.073242 0.098958
0 0.074707 0.644531 0.060547 0.148438
0 0.076416 0.577474 0.049316 0.161458
0 0.065430 0.440755 0.062500 0.165365
0 0.097412 0.497396 0.055176 0.117188
0 0.140869 0.552083 0.079590 0.190104
0 0.112061 0.415690 0.052246 0.120443
0 0.118164 0.330404 0.073242 0.166016
0 0.150146 0.375651 0.060059 0.167969
0 0.308350 0.424479 0.153809 0.144531
0 0.235596 0.317708 0.123535 0.097656
0 0.282715 0.257812 0.170898 0.110677
0 0.334961 0.221354 0.120117 0.109375
0 0.390137 0.207031 0.120117 0.131510
0 0.416016 0.097005 0.142578 0.085938
0 0.547607 0.077474 0.140137 0.080729
0 0.666260 0.077148 0.103027 0.072266
0 0.736084 0.122396 0.132324 0.106771
0 0.698486 0.328776 0.116699 0.213542
0 0.762939 0.387695 0.055176 0.201172
0 0.641357 0.512370 0.163574 0.175781
0 0.811523 0.588867 0.092773 0.251953
0 0.888184 0.619792 0.085938 0.144531
0 0.875244 0.251302 0.096191 0.194010