0 0.461719 0.800000 0.142187 0.212963
0 0.271094 0.803241 0.090104 0.112037
0 0.199740 0.759722 0.084896 0.097222
0 0.218229 0.863889 0.118750 0.077778
0 0.136458 0.801389 0.062500 0.132407
0 0.097917 0.789815 0.035417 0.092593
0 0.082031 0.736111 0.042188 0.157407
0 0.197917 0.818519 0.076042 0.066667
0 0.080729 0.575926 0.061458 0.105556
0 0.135156 0.418519 0.099479 0.161111
0 0.249219 0.257870 0.118229 0.091667
0 0.530208 0.230093 0.157292 0.167593
0 0.646875 0.238426 0.110417 0.112037
0 0.648177 0.167593 0.136979 0.103704
0 0.783854 0.119907 0.052083 0.132407
0 0.714323 0.105556 0.089063 0.055556
0 0.610938 0.136111 0.123958 0.087037
0 0.566927 0.099537 0.128646 0.082407
0 0.674479 0.070370 0.096875 0.044444
0 0.477865 0.107407 0.117188 0.112963
0 0.398177 0.105093 0.126562 0.100926
0 0.609896 0.056944 0.132292 0.054630
0 0.828906 0.093519 0.072396 0.096296
0 0.854948 0.186574 0.051562 0.112037
0 0.897396 0.256944 0.050000 0.150926
0 0.920833 0.379167 0.042708 0.149074
0 0.927604 0.511111 0.054167 0.146296
0 0.510938 0.868519 0.148958 0.127778