0 0.873958 0.185648 0.057292 0.152778
0 0.806510 0.134722 0.077604 0.178704
0 0.903646 0.312500 0.044792 0.134259
0 0.923958 0.447222 0.043750 0.140741
0 0.940625 0.542130 0.021875 0.078704
0 0.924219 0.602315 0.033854 0.180556
0 0.886458 0.530556 0.071875 0.157407
0 0.884896 0.577315 0.082292 0.182407
0 0.821875 0.618056 0.075000 0.217593
0 0.113021 0.802778 0.064583 0.087037
0 0.058854 0.552778 0.033333 0.159259
0 0.147917 0.231481 0.093750 0.109259
0 0.226823 0.196296 0.082812 0.137037
0 0.276823 0.231481 0.089063 0.140741
0 0.348958 0.137500 0.063542 0.130556
0 0.420573 0.119907 0.090104 0.137963
0 0.598698 0.107407 0.109896 0.127778
0 0.195573 0.843519 0.109896 0.087037
0 0.282813 0.903241 0.151042 0.100926
0 0.281771 0.815278 0.122917 0.125000
0 0.736458 0.460185 0.113542 0.190741
0 0.466927 0.715741 0.165104 0.135185
0 0.433073 0.817130 0.156771 0.102778
0 0.447917 0.876389 0.120833 0.086111
0 0.467187 0.929167 0.175000 0.071296
0 0.601042 0.747685 0.196875 0.130556
0 0.576823 0.839352 0.172396 0.117593
0 0.757552 0.722685 0.109896 0.206481