0 0.218750 0.295370 0.128125 0.170370
0 0.333333 0.151852 0.125000 0.153704
0 0.428125 0.130093 0.110417 0.162037
0 0.498437 0.076852 0.116667 0.066667
0 0.624740 0.111111 0.118229 0.088889
0 0.645312 0.068981 0.100000 0.047222
0 0.699219 0.125926 0.056771 0.118519
0 0.742708 0.127778 0.048958 0.118519
0 0.818229 0.123148 0.077083 0.092593
0 0.848698 0.193056 0.060937 0.082407
0 0.877344 0.180093 0.043229 0.080556
0 0.839323 0.293519 0.091146 0.122222
0 0.885156 0.412963 0.056771 0.127778
0 0.910937 0.406481 0.054167 0.151852
0 0.909635 0.364352 0.054688 0.149074
0 0.844792 0.587500 0.108333 0.108333
0 0.874740 0.635185 0.103646 0.103704
0 0.912240 0.546759 0.061979 0.080556
0 0.551042 0.778241 0.157292 0.145370
0 0.504427 0.854630 0.148438 0.125926
0 0.373698 0.887963 0.132812 0.062963
0 0.376042 0.805556 0.172917 0.150000
0 0.261979 0.817593 0.064583 0.164815
0 0.207031 0.852315 0.084896 0.080556
0 0.088542 0.819444 0.058333 0.098148
0 0.125000 0.822222 0.081250 0.064815
0 0.116146 0.770833 0.071875 0.073148
0 0.080729 0.721759 0.043750 0.132407