0 0.067627 0.359049 0.046387 0.173828
0 0.067139 0.594727 0.052246 0.160807
0 0.078613 0.727214 0.042969 0.125000
0 0.112305 0.746745 0.042969 0.114583
0 0.118408 0.804036 0.045410 0.080729
0 0.190918 0.819661 0.114258 0.139323
0 0.250000 0.184570 0.067383 0.069661
0 0.181641 0.292318 0.090820 0.136719
0 0.268066 0.267578 0.145508 0.154948
0 0.198486 0.380534 0.096191 0.102214
0 0.240234 0.518555 0.135742 0.167318
0 0.258789 0.603190 0.140625 0.112630
0 0.251953 0.674479 0.150391 0.079427
0 0.290771 0.732422 0.148926 0.114583
0 0.456543 0.595378 0.221680 0.208984
0 0.600098 0.831055 0.166992 0.143880
0 0.462891 0.850586 0.153320 0.149089
0 0.493652 0.416341 0.164062 0.164714
0 0.343262 0.238932 0.074219 0.209635
0 0.416504 0.136393 0.139648 0.110026
0 0.527588 0.095052 0.156738 0.097656
0 0.747803 0.097656 0.113770 0.072917
0 0.797607 0.156901 0.100098 0.113281
0 0.925781 0.339518 0.097656 0.206380
0 0.914551 0.407227 0.073242 0.173828
0 0.931396 0.531901 0.044434 0.100260
0 0.833008 0.686849 0.140625 0.144531
0 0.875244 0.175456 0.063965 0.128255