0 0.063802 0.493981 0.042188 0.156481
0 0.060156 0.587037 0.050521 0.150000
0 0.063802 0.681019 0.058854 0.119444
0 0.136458 0.827315 0.057292 0.056481
0 0.195312 0.846296 0.083333 0.074074
0 0.308594 0.863889 0.156771 0.138889
0 0.399740 0.860185 0.143229 0.107407
0 0.602604 0.836111 0.162500 0.109259
0 0.597917 0.779167 0.188542 0.160185
0 0.497396 0.652778 0.184375 0.155556
0 0.406510 0.487963 0.181771 0.146296
0 0.608333 0.522685 0.118750 0.239815
0 0.705469 0.529630 0.146354 0.131481
0 0.548438 0.381019 0.173958 0.160185
0 0.651302 0.352778 0.078646 0.238889
0 0.346094 0.369907 0.136979 0.208333
0 0.261979 0.212963 0.081250 0.148148
0 0.361198 0.175000 0.157812 0.133333
0 0.413542 0.121296 0.137500 0.090741
0 0.542969 0.086574 0.136979 0.084259
0 0.673698 0.087963 0.124479 0.079630
0 0.868750 0.184722 0.072917 0.137963
0 0.890365 0.312963 0.058854 0.140741
0 0.935677 0.494907 0.063021 0.186111
0 0.922396 0.576389 0.051042 0.199074
0 0.871875 0.592593 0.082292 0.214815
0 0.848177 0.661574 0.072396 0.178704
0 0.780208 0.676852 0.120833 0.109259