0 0.102604 0.368056 0.033333 0.147222
0 0.141927 0.308333 0.070312 0.166667
0 0.190625 0.364352 0.095833 0.165741
0 0.204948 0.251389 0.098437 0.069444
0 0.257031 0.196759 0.092188 0.104630
0 0.376302 0.125463 0.123438 0.100926
0 0.468490 0.322685 0.141146 0.241667
0 0.550000 0.280556 0.118750 0.174074
0 0.626302 0.058796 0.168229 0.110185
0 0.810937 0.164815 0.093750 0.077778
0 0.770833 0.255093 0.089583 0.076852
0 0.841146 0.218519 0.112500 0.075926
0 0.682031 0.417130 0.141146 0.163889
0 0.810156 0.368981 0.070312 0.186111
0 0.877604 0.320370 0.067708 0.137037
0 0.932292 0.344444 0.075000 0.159259
0 0.788802 0.482407 0.126562 0.137037
0 0.856510 0.508333 0.080729 0.142593
0 0.928125 0.504167 0.061458 0.095370
0 0.910677 0.606944 0.052604 0.136111
0 0.843490 0.643981 0.104688 0.100926
0 0.800000 0.575463 0.144792 0.091667
0 0.694531 0.664815 0.124479 0.120370
0 0.738281 0.693981 0.120313 0.160185
0 0.305208 0.866204 0.134375 0.087963
0 0.193490 0.856944 0.115104 0.102778
0 0.108333 0.809259 0.086458 0.144444
0 0.065625 0.738889 0.050000 0.114815