0 0.084375 0.279630 0.048958 0.096296
0 0.067187 0.363889 0.059375 0.116667
0 0.157812 0.366204 0.115625 0.130556
0 0.058333 0.554167 0.031250 0.160185
0 0.079167 0.729167 0.053125 0.082407
0 0.117969 0.797222 0.067187 0.096296
0 0.186719 0.833796 0.109896 0.208333
0 0.313802 0.875463 0.130729 0.091667
0 0.425260 0.789352 0.140104 0.160185
0 0.451562 0.853241 0.133333 0.123148
0 0.587500 0.807870 0.169792 0.171296
0 0.552344 0.689352 0.124479 0.265741
0 0.464062 0.616667 0.118750 0.235185
0 0.271875 0.351389 0.165625 0.110185
0 0.301563 0.265741 0.156250 0.101852
0 0.308594 0.161574 0.073438 0.167593
0 0.359896 0.138426 0.065625 0.130556
0 0.483854 0.386574 0.106250 0.193519
0 0.497656 0.068056 0.144271 0.100926
0 0.755990 0.122222 0.089063 0.172222
0 0.830729 0.123611 0.086458 0.075000
0 0.873698 0.185648 0.080729 0.076852
0 0.904687 0.313889 0.042708 0.131481
0 0.920052 0.457870 0.056771 0.173148
0 0.900521 0.616667 0.071875 0.174074
0 0.828646 0.671759 0.154167 0.160185
0 0.717448 0.413426 0.082812 0.102778
0 0.731771 0.531019 0.079167 0.199074