0 0.187500 0.245443 0.086914 0.164062
0 0.191406 0.368490 0.102539 0.084635
0 0.120605 0.393229 0.068359 0.139323
0 0.077148 0.427734 0.041992 0.166667
0 0.054199 0.399740 0.039062 0.110677
0 0.052246 0.517578 0.046875 0.125000
0 0.060547 0.615885 0.045898 0.092448
0 0.085938 0.738281 0.059570 0.154948
0 0.139648 0.826823 0.073242 0.082031
0 0.146973 0.533854 0.082031 0.074219
0 0.186523 0.803385 0.047852 0.152344
0 0.310547 0.857422 0.151367 0.140625
0 0.486328 0.845052 0.182617 0.102865
0 0.631348 0.854818 0.162109 0.169271
0 0.376465 0.680339 0.083984 0.197917
0 0.765625 0.711589 0.172852 0.119792
0 0.852051 0.632812 0.126953 0.141927
0 0.385254 0.182292 0.169922 0.141927
0 0.461426 0.091797 0.171875 0.088542
0 0.591309 0.163411 0.183594 0.130208
0 0.721680 0.206380 0.157227 0.078125
0 0.736328 0.345703 0.122070 0.104167
0 0.741211 0.492839 0.145508 0.192708
0 0.856445 0.442708 0.094727 0.186198
0 0.928711 0.502604 0.075195 0.084635
0 0.923340 0.439453 0.037109 0.098958
0 0.918457 0.330078 0.058594 0.122396
0 0.856445 0.150391 0.077148 0.138021