0 0.751563 0.108796 0.101042 0.154630
0 0.695833 0.189352 0.114583 0.115741
0 0.617969 0.302778 0.098437 0.177778
0 0.705208 0.425926 0.162500 0.140741
0 0.750000 0.336111 0.078125 0.198148
0 0.805729 0.284722 0.053125 0.173148
0 0.848958 0.255556 0.050000 0.101852
0 0.887240 0.210185 0.054688 0.116667
0 0.891667 0.325000 0.061458 0.124074
0 0.905990 0.409722 0.090104 0.071296
0 0.823177 0.418519 0.099479 0.168519
0 0.835156 0.480093 0.119271 0.173148
0 0.925521 0.505093 0.070833 0.076852
0 0.845313 0.534722 0.107292 0.150926
0 0.880729 0.563889 0.090625 0.083333
0 0.877083 0.638426 0.121875 0.143519
0 0.765104 0.643519 0.129167 0.164815
0 0.689844 0.653241 0.123438 0.121296
0 0.589583 0.749074 0.163542 0.188889
0 0.660156 0.832870 0.121354 0.187963
0 0.581771 0.892130 0.133333 0.115741
0 0.310677 0.903704 0.175521 0.150000
0 0.196094 0.846759 0.095312 0.097222
0 0.180729 0.768981 0.111458 0.075000
0 0.291667 0.525463 0.163542 0.097222
0 0.277604 0.442593 0.166667 0.118519
0 0.130208 0.505556 0.078125 0.146296
0 0.055729 0.584722 0.052083 0.143519