0 0.531738 0.848633 0.192383 0.123047
0 0.484131 0.678711 0.104980 0.210286
0 0.603271 0.779948 0.164551 0.134115
0 0.369629 0.851237 0.090820 0.194661
0 0.797119 0.656901 0.110840 0.161458
0 0.885498 0.616862 0.065918 0.107422
0 0.920898 0.461589 0.049805 0.134115
0 0.863037 0.160807 0.092285 0.111979
0 0.798340 0.112305 0.041992 0.082682
0 0.848145 0.285482 0.055664 0.162109
0 0.858154 0.359375 0.069824 0.161458
0 0.451904 0.093750 0.138184 0.074219
0 0.346436 0.340820 0.114746 0.206380
0 0.375244 0.414714 0.083496 0.261719
0 0.067627 0.301432 0.048340 0.101562
0 0.074951 0.353841 0.050293 0.123047
0 0.045166 0.567057 0.049316 0.140625
0 0.221191 0.849609 0.097656 0.089844
0 0.123047 0.793294 0.087891 0.146484
0 0.080322 0.805664 0.039551 0.072266
0 0.110107 0.558919 0.069824 0.124349
0 0.124512 0.451172 0.043945 0.169271
0 0.208496 0.407552 0.079102 0.121094
0 0.157227 0.410807 0.043945 0.225260
0 0.206299 0.184245 0.099121 0.069010
0 0.299561 0.187826 0.126465 0.076172
0 0.253418 0.278971 0.120117 0.112630
0 0.177002 0.268880 0.057129 0.097656