0 0.083073 0.783333 0.049479 0.066667
0 0.126302 0.832407 0.072396 0.079630
0 0.055208 0.642593 0.045833 0.114815
0 0.053125 0.407870 0.041667 0.121296
0 0.245573 0.228704 0.096354 0.174074
0 0.051562 0.552315 0.047917 0.056481
0 0.103646 0.604630 0.052083 0.142593
0 0.176563 0.858333 0.089583 0.059259
0 0.311719 0.905556 0.152604 0.094444
0 0.568490 0.262963 0.075521 0.170370
0 0.694531 0.318056 0.120313 0.095370
0 0.621875 0.082870 0.111458 0.158333
0 0.745313 0.372685 0.100000 0.102778
0 0.704427 0.161111 0.121354 0.140741
0 0.792969 0.146296 0.051562 0.133333
0 0.759896 0.220833 0.059375 0.126852
0 0.862500 0.231481 0.073958 0.085185
0 0.811458 0.365278 0.086458 0.171296
0 0.891406 0.306019 0.075521 0.089815
0 0.727083 0.644907 0.080208 0.171296
0 0.866146 0.408333 0.084375 0.083333
0 0.802865 0.530556 0.089063 0.168519
0 0.809375 0.650463 0.069792 0.113889
0 0.876823 0.595370 0.068229 0.146296
0 0.867448 0.490741 0.057813 0.051852
0 0.910937 0.420833 0.045833 0.071296
0 0.935937 0.485648 0.048958 0.115741
0 0.956771 0.543056 0.042708 0.075000