0 0.087402 0.252930 0.080078 0.100911
0 0.061279 0.470052 0.039551 0.162760
0 0.129395 0.420573 0.086914 0.122396
0 0.154297 0.283203 0.081055 0.139323
0 0.086914 0.347656 0.065430 0.063802
0 0.073975 0.638346 0.051270 0.149089
0 0.092285 0.549154 0.061523 0.085286
0 0.106201 0.615885 0.075684 0.072917
0 0.110596 0.800781 0.070801 0.096354
0 0.371338 0.862305 0.161621 0.119141
0 0.228271 0.307292 0.105957 0.104167
0 0.182861 0.829753 0.096191 0.100911
0 0.521729 0.851237 0.150879 0.119141
0 0.662598 0.093099 0.097656 0.082031
0 0.288574 0.273763 0.140625 0.149089
0 0.389160 0.193359 0.125977 0.121094
0 0.334961 0.214844 0.110352 0.105469
0 0.423584 0.100260 0.149902 0.092448
0 0.610596 0.869792 0.161621 0.122396
0 0.679688 0.760091 0.158203 0.100911
0 0.546143 0.091146 0.139160 0.080729
0 0.663574 0.282227 0.114258 0.190755
0 0.738037 0.123372 0.142090 0.102214
0 0.659668 0.418294 0.170898 0.126953
0 0.784424 0.481771 0.090332 0.164062
0 0.816406 0.678711 0.128906 0.102214
0 0.807617 0.563802 0.116211 0.108073
0 0.890625 0.597982 0.054688 0.124349