0 0.050781 0.443685 0.061523 0.146484
0 0.067627 0.515299 0.052246 0.142578
0 0.063232 0.602539 0.039551 0.073568
0 0.072754 0.696289 0.039062 0.149089
0 0.129883 0.743164 0.086914 0.134766
0 0.147217 0.817708 0.073730 0.062500
0 0.095459 0.809570 0.034668 0.074870
0 0.188965 0.855143 0.097656 0.076172
0 0.162598 0.405599 0.102539 0.178385
0 0.315674 0.867188 0.127441 0.093750
0 0.433838 0.854167 0.153809 0.144531
0 0.596924 0.855794 0.175293 0.121745
0 0.671875 0.762044 0.151367 0.154297
0 0.665771 0.619466 0.127441 0.141276
0 0.568848 0.627930 0.104492 0.237630
0 0.385986 0.275391 0.101074 0.209635
0 0.812500 0.648763 0.129883 0.149089
0 0.877441 0.620117 0.092773 0.120443
0 0.908447 0.492839 0.052246 0.139323
0 0.915283 0.439779 0.057129 0.154297
0 0.890869 0.292318 0.056152 0.144531
0 0.819092 0.151367 0.083496 0.082682
0 0.810791 0.104818 0.062012 0.052083
0 0.723145 0.144531 0.055664 0.144531
0 0.649414 0.138997 0.120117 0.171224
0 0.620117 0.187174 0.090820 0.179036
0 0.517578 0.087240 0.152344 0.071615
0 0.656982 0.085286 0.098145 0.080729