0 0.325260 0.652778 0.089063 0.251852
0 0.105990 0.347685 0.098437 0.126852
0 0.085156 0.256019 0.067187 0.073148
0 0.067708 0.302315 0.067708 0.084259
0 0.050260 0.386111 0.054688 0.125926
0 0.063542 0.591204 0.044792 0.154630
0 0.064844 0.681944 0.047396 0.052778
0 0.088802 0.739352 0.097396 0.136111
0 0.109896 0.813889 0.057292 0.044444
0 0.149740 0.819907 0.095312 0.119444
0 0.219010 0.213426 0.113021 0.149074
0 0.378385 0.116667 0.121354 0.131481
0 0.468490 0.128704 0.073438 0.150000
0 0.597917 0.077778 0.136458 0.066667
0 0.265885 0.886111 0.097396 0.164815
0 0.417708 0.890278 0.171875 0.117593
0 0.532031 0.825000 0.057813 0.253704
0 0.614062 0.650000 0.115625 0.248148
0 0.568490 0.693056 0.094271 0.217593
0 0.597656 0.861111 0.130729 0.220370
0 0.877344 0.174537 0.049479 0.073148
0 0.888281 0.274537 0.069271 0.150926
0 0.919271 0.465741 0.055208 0.175926
0 0.911719 0.627315 0.043229 0.154630
0 0.833594 0.569444 0.113021 0.083333
0 0.855469 0.667593 0.104688 0.138889
0 0.826562 0.690741 0.110417 0.098148
0 0.709635 0.685185 0.080729 0.220370