0 0.672119 0.278320 0.106934 0.198568
0 0.424805 0.105143 0.151367 0.100911
0 0.734375 0.126302 0.135742 0.105469
0 0.546875 0.090495 0.143555 0.082031
0 0.664307 0.098307 0.096191 0.084635
0 0.655273 0.422526 0.169922 0.119792
0 0.741943 0.504557 0.102051 0.192708
0 0.820068 0.552409 0.114746 0.125651
0 0.815918 0.634115 0.116211 0.179688
0 0.876709 0.619792 0.083496 0.149740
0 0.643311 0.842448 0.149902 0.157552
0 0.518799 0.860677 0.138184 0.106771
0 0.385254 0.864258 0.158203 0.103516
0 0.305420 0.828125 0.158691 0.154948
0 0.184814 0.831380 0.100098 0.114583
0 0.108154 0.805990 0.064941 0.092448
0 0.074707 0.637370 0.054688 0.148438
0 0.104004 0.620117 0.082031 0.065755
0 0.061035 0.471680 0.040039 0.164714
0 0.081299 0.532552 0.051270 0.104167
0 0.124756 0.527995 0.069824 0.125000
0 0.128906 0.427734 0.080078 0.102865
0 0.145752 0.323568 0.069824 0.143229
0 0.085938 0.257812 0.076172 0.104167
0 0.228027 0.312826 0.115234 0.099609
0 0.283936 0.276367 0.148926 0.155599
0 0.335938 0.219076 0.107422 0.107422
0 0.393799 0.197266 0.125488 0.121094