0 0.626042 0.838889 0.160417 0.144444
0 0.458073 0.902315 0.197396 0.108333
0 0.322656 0.849074 0.093229 0.238889
0 0.267448 0.879167 0.119271 0.204630
0 0.217708 0.873611 0.123958 0.121296
0 0.169792 0.787037 0.100000 0.101852
0 0.069792 0.783333 0.083333 0.153704
0 0.073698 0.684722 0.081771 0.071296
0 0.124479 0.684259 0.077083 0.066667
0 0.057813 0.619444 0.070833 0.101852
0 0.076302 0.311111 0.065104 0.127778
0 0.381510 0.458796 0.217188 0.097222
0 0.512760 0.173148 0.165104 0.138889
0 0.480469 0.080556 0.148438 0.124074
0 0.612240 0.100000 0.132812 0.092593
0 0.920312 0.347222 0.066667 0.185185
0 0.920573 0.618981 0.043229 0.169444
0 0.900260 0.568519 0.035937 0.188889
0 0.871354 0.484259 0.075000 0.218519
0 0.870833 0.664815 0.060417 0.177778
0 0.808594 0.656944 0.078646 0.243519
0 0.773177 0.699074 0.060937 0.211111
0 0.709635 0.680556 0.134896 0.181481
0 0.702344 0.737963 0.129688 0.185185
0 0.672135 0.530093 0.146354 0.202778
0 0.697396 0.341204 0.198958 0.200926
0 0.754687 0.419444 0.085417 0.242593
0 0.822656 0.493981 0.085938 0.076852