0 0.059082 0.562174 0.049805 0.154297
0 0.071045 0.700195 0.050293 0.138672
0 0.110352 0.802734 0.064453 0.101562
0 0.131104 0.732096 0.084473 0.106120
0 0.143799 0.804362 0.083496 0.054036
0 0.187012 0.851562 0.091797 0.057292
0 0.312744 0.862956 0.133301 0.102214
0 0.429443 0.857422 0.154785 0.113281
0 0.589844 0.850260 0.196289 0.088542
0 0.182373 0.506185 0.105957 0.141276
0 0.170410 0.437500 0.103516 0.108073
0 0.388428 0.279297 0.104004 0.208333
0 0.571777 0.618164 0.113281 0.235026
0 0.655762 0.688477 0.147461 0.162109
0 0.675537 0.751628 0.158691 0.142578
0 0.763428 0.666992 0.072754 0.156901
0 0.871582 0.616862 0.097656 0.136068
0 0.911377 0.490560 0.058105 0.134766
0 0.918213 0.434245 0.051270 0.149740
0 0.892822 0.295247 0.052246 0.147786
0 0.824463 0.152344 0.079590 0.084635
0 0.807617 0.110026 0.086914 0.050781
0 0.630859 0.275391 0.185547 0.145833
0 0.632080 0.173503 0.109863 0.155599
0 0.647949 0.140625 0.120117 0.152344
0 0.723145 0.140299 0.053711 0.133464
0 0.664307 0.087240 0.100098 0.091146
0 0.510010 0.090495 0.153809 0.078125