0 0.059326 0.401693 0.052246 0.128906
0 0.066162 0.564128 0.046387 0.155599
0 0.069336 0.699219 0.048828 0.136719
0 0.127197 0.726237 0.073730 0.104818
0 0.114746 0.809570 0.065430 0.097005
0 0.179199 0.842122 0.098633 0.111328
0 0.196533 0.805664 0.104980 0.142578
0 0.307617 0.882812 0.125000 0.080729
0 0.437500 0.859701 0.158203 0.120443
0 0.602539 0.835938 0.190430 0.139323
0 0.676270 0.720052 0.166992 0.095052
0 0.701904 0.650065 0.163574 0.085286
0 0.734863 0.573242 0.195312 0.141276
0 0.878906 0.631836 0.102539 0.125651
0 0.909668 0.492188 0.054688 0.128906
0 0.924561 0.431966 0.034668 0.134766
0 0.874756 0.402344 0.094238 0.066406
0 0.888428 0.292969 0.062012 0.145833
0 0.864014 0.166016 0.077637 0.072917
0 0.816895 0.134115 0.069336 0.063802
0 0.158203 0.411458 0.097656 0.166667
0 0.248779 0.449870 0.106934 0.079427
0 0.327393 0.364258 0.149902 0.095703
0 0.474854 0.122070 0.057129 0.179036
0 0.626709 0.199219 0.127441 0.178385
0 0.625732 0.148438 0.163574 0.158854
0 0.663330 0.088867 0.095215 0.074870
0 0.710938 0.134766 0.054688 0.109375