0 0.415039 0.131185 0.143555 0.076172
0 0.521729 0.087565 0.151855 0.082682
0 0.367432 0.219727 0.130371 0.154297
0 0.300537 0.228841 0.091309 0.124349
0 0.198486 0.290039 0.108887 0.139974
0 0.211426 0.351562 0.118164 0.122396
0 0.270020 0.356120 0.150391 0.138021
0 0.322021 0.404948 0.187988 0.083333
0 0.061523 0.455404 0.064453 0.173828
0 0.066895 0.600911 0.049805 0.134115
0 0.250977 0.531901 0.139648 0.179688
0 0.260498 0.601237 0.139160 0.115234
0 0.256104 0.680664 0.134277 0.102214
0 0.289795 0.747396 0.146973 0.076823
0 0.079590 0.726888 0.043945 0.134766
0 0.114502 0.746094 0.045410 0.134115
0 0.188232 0.823893 0.097168 0.141276
0 0.117432 0.798177 0.047363 0.097656
0 0.281250 0.800781 0.152344 0.082031
0 0.293945 0.858073 0.147461 0.093750
0 0.467285 0.846354 0.150391 0.143229
0 0.600586 0.830729 0.170898 0.140625
0 0.902344 0.568359 0.068359 0.166667
0 0.933594 0.498372 0.036133 0.163411
0 0.886230 0.197266 0.075195 0.106771
0 0.801514 0.153646 0.092285 0.106771
0 0.746094 0.086914 0.120117 0.059245
0 0.722900 0.119141 0.092285 0.089844