0 0.065918 0.424154 0.066406 0.151693
0 0.074463 0.589193 0.051270 0.156250
0 0.462158 0.853516 0.149902 0.130208
0 0.080566 0.736654 0.043945 0.143880
0 0.108887 0.754883 0.049805 0.125651
0 0.118164 0.814128 0.042969 0.069661
0 0.185791 0.838867 0.089355 0.100911
0 0.293213 0.865885 0.144043 0.089844
0 0.281494 0.795247 0.160645 0.100911
0 0.287354 0.736654 0.120605 0.094401
0 0.198975 0.737956 0.130371 0.076172
0 0.255859 0.678385 0.127930 0.096354
0 0.236328 0.618815 0.139648 0.119141
0 0.244141 0.524089 0.146484 0.212240
0 0.204834 0.459961 0.067871 0.173828
0 0.214111 0.326497 0.108887 0.074870
0 0.285645 0.265951 0.061523 0.182943
0 0.219238 0.236003 0.073242 0.078776
0 0.355957 0.204102 0.114258 0.117839
0 0.384521 0.308594 0.136230 0.218750
0 0.485107 0.263021 0.088379 0.195312
0 0.411133 0.114909 0.133789 0.107422
0 0.661621 0.111979 0.146484 0.131510
0 0.740234 0.093424 0.093750 0.069661
0 0.794922 0.132487 0.080078 0.117839
0 0.925537 0.587565 0.102051 0.168620
0 0.751953 0.709961 0.164062 0.119141
0 0.600830 0.838216 0.168457 0.149089