0 0.064941 0.265625 0.077148 0.088542
0 0.120605 0.263672 0.099609 0.105469
0 0.047852 0.369792 0.058594 0.128906
0 0.074463 0.461263 0.052246 0.134766
0 0.070068 0.597331 0.045410 0.149089
0 0.085449 0.721680 0.049805 0.126953
0 0.096436 0.798177 0.074707 0.071615
0 0.181152 0.820964 0.093750 0.138021
0 0.264160 0.845052 0.120117 0.119792
0 0.151855 0.646484 0.075195 0.208333
0 0.239990 0.527344 0.141113 0.148438
0 0.265137 0.615560 0.134766 0.123047
0 0.370361 0.553711 0.121582 0.291016
0 0.254150 0.186849 0.065918 0.119792
0 0.300049 0.227539 0.086426 0.163411
0 0.381592 0.147461 0.113770 0.176432
0 0.501709 0.093750 0.130371 0.085938
0 0.561523 0.102865 0.093750 0.131510
0 0.649414 0.088542 0.129883 0.074219
0 0.758789 0.115234 0.110352 0.115885
0 0.839844 0.127930 0.063477 0.059245
0 0.882080 0.225911 0.051270 0.141927
0 0.929932 0.500326 0.045410 0.171224
0 0.855957 0.529948 0.114258 0.143229
0 0.696777 0.636393 0.116211 0.241536
0 0.618652 0.842448 0.142578 0.135417
0 0.421875 0.881185 0.196289 0.106120
0 0.478516 0.839193 0.177734 0.096354