0 0.444336 0.862630 0.145508 0.130208
0 0.605469 0.854492 0.181641 0.107422
0 0.728760 0.710286 0.076660 0.212240
0 0.291504 0.790690 0.125977 0.116536
0 0.229248 0.862956 0.096191 0.052734
0 0.182373 0.787760 0.095215 0.171875
0 0.144531 0.806315 0.061523 0.091797
0 0.115967 0.802409 0.071777 0.099609
0 0.114258 0.723633 0.061523 0.077474
0 0.072998 0.693359 0.041504 0.138021
0 0.061279 0.575521 0.037598 0.131510
0 0.068848 0.476888 0.054688 0.102214
0 0.078125 0.286458 0.075195 0.080729
0 0.140381 0.231445 0.069824 0.069661
0 0.200684 0.207357 0.055664 0.124349
0 0.231201 0.267578 0.076660 0.145833
0 0.326416 0.404622 0.135254 0.150391
0 0.350342 0.263997 0.070801 0.175130
0 0.509033 0.396484 0.144043 0.177083
0 0.589600 0.202474 0.161621 0.096354
0 0.539551 0.096354 0.164062 0.088542
0 0.668701 0.092448 0.107910 0.096354
0 0.695068 0.128255 0.118652 0.087240
0 0.762939 0.099609 0.089355 0.054688
0 0.821045 0.137695 0.050293 0.086589
0 0.895020 0.294596 0.048828 0.150391
0 0.913086 0.426758 0.054688 0.150391
0 0.918213 0.571615 0.074707 0.111979