0 0.196533 0.261068 0.105957 0.085938
0 0.067139 0.364258 0.042480 0.160807
0 0.164795 0.389648 0.045410 0.185547
0 0.214844 0.379883 0.080078 0.203776
0 0.332764 0.247721 0.068848 0.219401
0 0.403076 0.166992 0.122559 0.133464
0 0.421143 0.111328 0.127441 0.079427
0 0.523438 0.095378 0.154297 0.094401
0 0.069092 0.586914 0.051270 0.152995
0 0.078613 0.716146 0.043945 0.121094
0 0.100098 0.723958 0.045898 0.151042
0 0.117188 0.791341 0.048828 0.110026
0 0.192871 0.821615 0.111328 0.136719
0 0.400146 0.760417 0.150879 0.173177
0 0.362549 0.564779 0.157715 0.280599
0 0.290283 0.736654 0.140137 0.098307
0 0.260498 0.698242 0.135254 0.069661
0 0.255127 0.623047 0.125488 0.122396
0 0.238525 0.514323 0.107910 0.213542
0 0.482910 0.847656 0.175781 0.148438
0 0.600098 0.821940 0.188477 0.095703
0 0.780762 0.699219 0.108398 0.200521
0 0.897949 0.624349 0.081055 0.191406
0 0.931641 0.497396 0.044922 0.158854
0 0.808838 0.162109 0.073730 0.115885
0 0.897705 0.242188 0.089355 0.153646
0 0.753662 0.098307 0.105957 0.079427
0 0.655273 0.079102 0.114258 0.061849