0 0.491146 0.752315 0.232292 0.160185
0 0.454167 0.869444 0.151042 0.096296
0 0.615885 0.857407 0.166146 0.131481
0 0.414323 0.629167 0.197396 0.110185
0 0.320573 0.696296 0.105729 0.190741
0 0.296875 0.867593 0.133333 0.090741
0 0.192188 0.821296 0.088542 0.137037
0 0.173177 0.842593 0.056771 0.070370
0 0.109896 0.824074 0.068750 0.055556
0 0.081510 0.766204 0.085938 0.076852
0 0.062760 0.703704 0.051562 0.070370
0 0.062240 0.603241 0.035937 0.149074
0 0.063802 0.459259 0.043229 0.140741
0 0.128385 0.275926 0.088021 0.103704
0 0.213021 0.193056 0.098958 0.102778
0 0.295312 0.221759 0.096875 0.239815
0 0.377865 0.243519 0.124479 0.066667
0 0.451042 0.099074 0.144792 0.107407
0 0.519531 0.107870 0.139063 0.134259
0 0.386979 0.150463 0.115625 0.130556
0 0.328125 0.151852 0.054167 0.074074
0 0.839323 0.106019 0.075521 0.073148
0 0.867969 0.171759 0.074479 0.097222
0 0.894271 0.290741 0.062500 0.174074
0 0.926562 0.498148 0.045833 0.142593
0 0.915625 0.624074 0.036458 0.148148
0 0.868490 0.629167 0.067187 0.182407
0 0.840625 0.666204 0.066667 0.156481