0 0.603027 0.834310 0.163086 0.134766
0 0.466064 0.850586 0.144043 0.117839
0 0.294922 0.857422 0.146484 0.091146
0 0.281006 0.795573 0.153809 0.100260
0 0.187012 0.835612 0.079102 0.125651
0 0.126465 0.776042 0.081055 0.217448
0 0.091553 0.773763 0.025879 0.087891
0 0.107178 0.815430 0.033691 0.060547
0 0.078125 0.730143 0.031250 0.134766
0 0.079346 0.579427 0.047363 0.170573
0 0.059570 0.455404 0.029297 0.158203
0 0.289307 0.742188 0.125488 0.098958
0 0.259521 0.702474 0.117676 0.079427
0 0.254883 0.630534 0.133789 0.095703
0 0.242188 0.528320 0.145508 0.216797
0 0.197754 0.457031 0.066406 0.186198
0 0.211426 0.324870 0.109375 0.074219
0 0.285156 0.262044 0.054688 0.199870
0 0.144531 0.295573 0.108398 0.173177
0 0.222412 0.245117 0.075684 0.078776
0 0.365967 0.220378 0.137207 0.147786
0 0.419434 0.132161 0.146484 0.075521
0 0.482666 0.264648 0.096191 0.189453
0 0.653076 0.115885 0.137207 0.123698
0 0.733887 0.098633 0.086914 0.068359
0 0.797363 0.135742 0.090820 0.102214
0 0.947266 0.504883 0.062500 0.139974
0 0.748779 0.711589 0.149902 0.106771