0 0.059375 0.298611 0.064583 0.134259
0 0.098698 0.649074 0.092188 0.090741
0 0.080469 0.738426 0.042188 0.149074
0 0.111458 0.781944 0.045833 0.089815
0 0.140885 0.818519 0.051562 0.090741
0 0.217969 0.858333 0.101562 0.070370
0 0.214062 0.806944 0.091667 0.076852
0 0.203125 0.765278 0.095833 0.082407
0 0.461979 0.790278 0.143750 0.195370
0 0.464583 0.887037 0.135417 0.111111
0 0.551042 0.847222 0.087500 0.216667
0 0.685417 0.724074 0.161458 0.164815
0 0.927344 0.494444 0.045312 0.161111
0 0.910677 0.374074 0.049479 0.140741
0 0.898438 0.249074 0.052083 0.114815
0 0.851042 0.184722 0.053125 0.125000
0 0.800000 0.126852 0.058333 0.131481
0 0.392188 0.117593 0.119792 0.098148
0 0.441406 0.156019 0.134896 0.126852
0 0.488802 0.082870 0.093229 0.063889
0 0.602604 0.056944 0.126042 0.058333
0 0.572135 0.100463 0.136979 0.084259
0 0.611979 0.139815 0.119792 0.088889
0 0.670052 0.075463 0.096354 0.054630
0 0.715885 0.106481 0.080729 0.053704
0 0.647917 0.166667 0.123958 0.101852
0 0.633854 0.247685 0.127083 0.125000
0 0.755208 0.400000 0.160417 0.205556