0 0.059896 0.552315 0.039583 0.165741
0 0.109896 0.806481 0.062500 0.081481
0 0.196354 0.846759 0.115625 0.099074
0 0.323698 0.863426 0.123438 0.189815
0 0.459635 0.701852 0.179688 0.129630
0 0.453646 0.854167 0.150000 0.195370
0 0.578646 0.840741 0.187500 0.116667
0 0.580729 0.684259 0.161458 0.242593
0 0.608073 0.748611 0.182812 0.123148
0 0.730469 0.592130 0.140104 0.145370
0 0.794271 0.672685 0.161458 0.191667
0 0.871094 0.646296 0.072396 0.198148
0 0.923177 0.625463 0.052604 0.167593
0 0.924479 0.507870 0.078125 0.125000
0 0.915365 0.418981 0.063021 0.125000
0 0.770312 0.346759 0.087500 0.178704
0 0.751042 0.448148 0.093750 0.161111
0 0.695312 0.328704 0.085417 0.235185
0 0.729167 0.123148 0.088542 0.124074
0 0.904948 0.307870 0.049479 0.126852
0 0.869792 0.175000 0.055208 0.135185
0 0.822917 0.130093 0.096875 0.187963
0 0.480469 0.113426 0.078646 0.162037
0 0.360677 0.131481 0.160938 0.135185
0 0.353125 0.200000 0.130208 0.157407
0 0.226823 0.197222 0.081771 0.142593
0 0.153646 0.218519 0.078125 0.090741
0 0.409635 0.895833 0.058854 0.049074