0 0.203857 0.180013 0.106934 0.162109
0 0.174072 0.549479 0.070801 0.104167
0 0.166016 0.467773 0.086914 0.158203
0 0.079346 0.273112 0.072754 0.149089
0 0.107666 0.333008 0.060059 0.143880
0 0.065918 0.387695 0.041992 0.098307
0 0.077393 0.426107 0.044434 0.085286
0 0.101318 0.435872 0.062988 0.078776
0 0.070068 0.500977 0.073730 0.061849
0 0.089111 0.619792 0.070801 0.135417
0 0.047852 0.631836 0.045898 0.116536
0 0.171143 0.764648 0.114746 0.090495
0 0.143555 0.823893 0.063477 0.056641
0 0.223877 0.841797 0.094238 0.087240
0 0.332520 0.854818 0.126953 0.130208
0 0.517822 0.779948 0.094238 0.200521
0 0.472168 0.868164 0.146484 0.100911
0 0.771973 0.664714 0.158203 0.197917
0 0.750977 0.643229 0.146484 0.152344
0 0.643555 0.553385 0.152344 0.214844
0 0.646484 0.458984 0.206055 0.194010
0 0.610840 0.317057 0.149414 0.180990
0 0.793945 0.426758 0.094727 0.229818
0 0.688232 0.208333 0.180176 0.127604
0 0.719727 0.353516 0.095703 0.233073
0 0.903320 0.444010 0.086914 0.177083
0 0.906982 0.347005 0.054199 0.131510
0 0.915771 0.568685 0.079590 0.115234