0 0.659896 0.726389 0.190625 0.104630
0 0.597656 0.833333 0.179688 0.144444
0 0.565625 0.694444 0.137500 0.275926
0 0.470313 0.615278 0.110417 0.256481
0 0.423177 0.803241 0.151562 0.139815
0 0.469792 0.884259 0.160417 0.092593
0 0.308073 0.866667 0.080729 0.144444
0 0.115104 0.796759 0.076042 0.102778
0 0.073958 0.728704 0.065625 0.100000
0 0.060417 0.556019 0.035417 0.173148
0 0.188802 0.587037 0.093229 0.207407
0 0.243750 0.458796 0.158333 0.195370
0 0.265885 0.349537 0.165104 0.165741
0 0.247917 0.253704 0.122917 0.207407
0 0.105469 0.286574 0.077604 0.082407
0 0.355729 0.166204 0.120833 0.189815
0 0.461198 0.104167 0.115104 0.132407
0 0.545052 0.060648 0.129688 0.104630
0 0.693229 0.142593 0.137500 0.220370
0 0.867969 0.193981 0.079687 0.082407
0 0.905729 0.309722 0.044792 0.137963
0 0.922917 0.466667 0.050000 0.190741
0 0.843490 0.478704 0.128646 0.124074
0 0.822135 0.656019 0.145313 0.202778
0 0.872135 0.652778 0.078646 0.185185
0 0.729948 0.519907 0.078646 0.219444
0 0.713542 0.408333 0.089583 0.094444
0 0.228125 0.196759 0.061458 0.143519