0 0.061979 0.332407 0.070833 0.092593
0 0.302865 0.349074 0.121354 0.170370
0 0.386198 0.291204 0.099479 0.178704
0 0.386979 0.130093 0.051042 0.150926
0 0.365104 0.527778 0.165625 0.164815
0 0.341667 0.579630 0.175000 0.137037
0 0.282813 0.631481 0.195833 0.094444
0 0.135937 0.842593 0.080208 0.083333
0 0.312500 0.818056 0.093750 0.178704
0 0.437240 0.861574 0.126562 0.208333
0 0.480990 0.444444 0.100521 0.314815
0 0.559896 0.468056 0.148958 0.250926
0 0.622396 0.537500 0.151042 0.236111
0 0.643490 0.096759 0.050521 0.154630
0 0.795312 0.138426 0.073958 0.137963
0 0.839844 0.245370 0.096354 0.081481
0 0.787500 0.315278 0.078125 0.200926
0 0.747396 0.409722 0.102083 0.182407
0 0.817187 0.456019 0.108333 0.086111
0 0.863281 0.387500 0.065104 0.195370
0 0.908073 0.442130 0.050521 0.150926
0 0.950000 0.481944 0.042708 0.112037
0 0.936198 0.526852 0.054688 0.107407
0 0.794531 0.523611 0.129688 0.097222
0 0.865104 0.562500 0.077083 0.112037
0 0.884115 0.611111 0.078646 0.159259
0 0.750521 0.604167 0.178125 0.087963
0 0.725260 0.711574 0.170313 0.102778