0 0.523193 0.090495 0.138184 0.080729
0 0.649414 0.092122 0.135742 0.085286
0 0.756104 0.114909 0.110840 0.108724
0 0.837158 0.128906 0.064941 0.066406
0 0.878662 0.220378 0.062988 0.147786
0 0.926758 0.500326 0.041016 0.158203
0 0.890381 0.631510 0.078613 0.061198
0 0.613281 0.857422 0.148438 0.122396
0 0.477539 0.843424 0.176758 0.108724
0 0.417725 0.881836 0.189941 0.106120
0 0.262451 0.847005 0.123535 0.122396
0 0.177979 0.821940 0.090332 0.137370
0 0.087402 0.799479 0.083008 0.098958
0 0.078125 0.708008 0.042969 0.123047
0 0.068359 0.589844 0.044922 0.147135
0 0.051514 0.430664 0.080566 0.138672
0 0.065674 0.347656 0.073730 0.089844
0 0.167969 0.357096 0.140625 0.097005
0 0.309326 0.291992 0.101074 0.192057
0 0.368896 0.554036 0.125488 0.282552
0 0.238770 0.527995 0.145508 0.144531
0 0.258301 0.641276 0.129883 0.151042
0 0.148682 0.635742 0.076660 0.185547
0 0.148438 0.263021 0.072266 0.130208
0 0.257080 0.191406 0.065918 0.102865
0 0.295898 0.225586 0.095703 0.162109
0 0.370605 0.144857 0.097656 0.164714
0 0.434570 0.127279 0.125977 0.119141