0 0.218490 0.191204 0.099479 0.121296
0 0.291667 0.186111 0.132292 0.118519
0 0.371875 0.161111 0.080208 0.179630
0 0.307552 0.354630 0.140104 0.218519
0 0.217708 0.467130 0.090625 0.178704
0 0.278646 0.566204 0.125000 0.252778
0 0.504427 0.072685 0.146354 0.102778
0 0.881250 0.174537 0.068750 0.163889
0 0.906771 0.311574 0.037500 0.139815
0 0.921354 0.441667 0.053125 0.150000
0 0.944010 0.550000 0.043229 0.064815
0 0.894531 0.581481 0.065104 0.159259
0 0.804167 0.466667 0.118750 0.127778
0 0.747917 0.470833 0.092708 0.199074
0 0.710677 0.509722 0.111979 0.241667
0 0.807552 0.691667 0.077604 0.162963
0 0.636198 0.677315 0.079687 0.260185
0 0.597135 0.838889 0.171354 0.140741
0 0.570312 0.701852 0.073958 0.275926
0 0.501823 0.680556 0.097396 0.257407
0 0.463802 0.891204 0.158854 0.075000
0 0.441927 0.817593 0.181771 0.105556
0 0.262760 0.859722 0.123438 0.245370
0 0.215104 0.876389 0.068750 0.134259
0 0.131510 0.803241 0.067187 0.136111
0 0.103906 0.810648 0.041146 0.067593
0 0.070833 0.680556 0.042708 0.148148
0 0.058333 0.546759 0.030208 0.149074