0 0.421615 0.089352 0.130729 0.089815
0 0.072396 0.256944 0.055208 0.067593
0 0.103906 0.261574 0.078646 0.115741
0 0.072917 0.554630 0.050000 0.087037
0 0.099479 0.638889 0.069792 0.094444
0 0.134375 0.689352 0.048958 0.182407
0 0.155990 0.844907 0.094271 0.104630
0 0.609896 0.302315 0.141667 0.117593
0 0.761719 0.108796 0.040104 0.110185
0 0.755729 0.240741 0.085417 0.188889
0 0.861458 0.130093 0.095833 0.108333
0 0.865885 0.194907 0.079687 0.100926
0 0.857552 0.266667 0.096354 0.074074
0 0.883073 0.387963 0.096354 0.172222
0 0.927344 0.364352 0.049479 0.052778
0 0.938542 0.482407 0.032292 0.127778
0 0.876302 0.500000 0.078646 0.096296
0 0.908073 0.552778 0.042188 0.125926
0 0.817708 0.526852 0.069792 0.153704
0 0.847396 0.418519 0.103125 0.062963
0 0.799479 0.370370 0.082292 0.148148
0 0.661979 0.612500 0.157292 0.167593
0 0.712760 0.648611 0.110937 0.078704
0 0.746354 0.700926 0.141667 0.179630
0 0.847396 0.632870 0.101042 0.113889
0 0.630990 0.806019 0.134896 0.199074
0 0.543229 0.843056 0.119792 0.199074
0 0.431510 0.873611 0.134896 0.197222