0 0.436279 0.862630 0.145020 0.130208
0 0.289795 0.798828 0.124512 0.122396
0 0.230957 0.869141 0.104492 0.055990
0 0.193115 0.773763 0.112793 0.166016
0 0.149658 0.803060 0.074707 0.076172
0 0.115967 0.804688 0.069824 0.091146
0 0.112305 0.729818 0.055664 0.074219
0 0.071777 0.693359 0.043945 0.138021
0 0.062256 0.574544 0.039551 0.139974
0 0.071777 0.458333 0.058594 0.111979
0 0.078857 0.280924 0.076660 0.087891
0 0.189209 0.276042 0.108887 0.106771
0 0.198486 0.204102 0.060059 0.120443
0 0.304932 0.207357 0.119629 0.182943
0 0.320557 0.406576 0.120605 0.156901
0 0.422363 0.383789 0.164062 0.117839
0 0.604248 0.210938 0.153809 0.128906
0 0.539062 0.099609 0.158203 0.088542
0 0.667480 0.096354 0.103516 0.088542
0 0.677979 0.132812 0.107910 0.089844
0 0.768799 0.095703 0.082520 0.049479
0 0.822754 0.131510 0.046875 0.080729
0 0.895996 0.293294 0.050781 0.147786
0 0.728027 0.742839 0.075195 0.160156
0 0.600830 0.855794 0.181152 0.110026
0 0.916992 0.565104 0.065430 0.114583
0 0.914795 0.429688 0.051270 0.153646
0 0.376709 0.144857 0.085449 0.175130