0 0.427344 0.877315 0.147396 0.102778
0 0.311719 0.804630 0.119271 0.259259
0 0.236979 0.738426 0.060417 0.084259
0 0.225781 0.877315 0.092188 0.149074
0 0.130990 0.755556 0.075521 0.070370
0 0.078385 0.785648 0.063021 0.100926
0 0.092969 0.681944 0.065104 0.137963
0 0.044792 0.623611 0.048958 0.165741
0 0.235156 0.542593 0.077604 0.220370
0 0.319531 0.543519 0.085938 0.253704
0 0.219271 0.188889 0.120833 0.103704
0 0.307292 0.182870 0.117708 0.080556
0 0.278385 0.259722 0.150521 0.080556
0 0.462500 0.129167 0.159375 0.113889
0 0.501302 0.068056 0.128646 0.106481
0 0.633854 0.082870 0.136458 0.073148
0 0.641406 0.178241 0.125521 0.176852
0 0.873698 0.166204 0.091146 0.121296
0 0.890104 0.262963 0.053125 0.125926
0 0.922396 0.613426 0.057292 0.184259
0 0.891146 0.638426 0.051042 0.167593
0 0.856250 0.669444 0.071875 0.187037
0 0.812760 0.683333 0.064062 0.183333
0 0.770052 0.694444 0.076563 0.209259
0 0.679167 0.550000 0.136458 0.248148
0 0.659375 0.648148 0.105208 0.225926
0 0.581771 0.487037 0.085417 0.185185
0 0.580729 0.671759 0.087500 0.332407