0 0.415104 0.871296 0.179167 0.105556
0 0.285677 0.859259 0.121354 0.092593
0 0.226042 0.823148 0.078125 0.112963
0 0.176302 0.723148 0.072396 0.200000
0 0.136719 0.810648 0.082812 0.171296
0 0.102865 0.788889 0.052604 0.122222
0 0.064323 0.606019 0.036979 0.152778
0 0.058854 0.465278 0.036458 0.145370
0 0.218490 0.371296 0.116146 0.153704
0 0.370052 0.372222 0.205729 0.229630
0 0.547396 0.384722 0.161458 0.147222
0 0.392969 0.254630 0.155729 0.185185
0 0.305990 0.252778 0.148438 0.116667
0 0.369010 0.139815 0.072396 0.112963
0 0.217188 0.193519 0.113542 0.118519
0 0.459635 0.108796 0.163021 0.093519
0 0.600260 0.085185 0.135937 0.070370
0 0.592708 0.164815 0.091667 0.138889
0 0.852344 0.302778 0.141146 0.183333
0 0.942187 0.415741 0.053125 0.122222
0 0.883073 0.442593 0.106771 0.092593
0 0.924479 0.520833 0.039583 0.100926
0 0.915104 0.628241 0.038542 0.149074
0 0.896094 0.641667 0.024479 0.159259
0 0.864062 0.641667 0.060417 0.211111
0 0.806771 0.667593 0.087500 0.218519
0 0.670573 0.801852 0.061979 0.229630
0 0.584635 0.804630 0.149479 0.181481