0 0.324479 0.648148 0.087500 0.257407
0 0.221094 0.196296 0.117188 0.090741
0 0.152344 0.272685 0.119271 0.099074
0 0.110937 0.412500 0.073958 0.080556
0 0.071615 0.268519 0.092188 0.074074
0 0.071094 0.360185 0.050521 0.137037
0 0.040885 0.358333 0.028646 0.120370
0 0.063802 0.593981 0.040104 0.152778
0 0.061198 0.710185 0.070312 0.111111
0 0.145573 0.799074 0.068229 0.137037
0 0.096615 0.779630 0.036979 0.114815
0 0.286458 0.881481 0.119792 0.122222
0 0.420833 0.881481 0.170833 0.138889
0 0.522917 0.831944 0.063542 0.225000
0 0.525781 0.126852 0.158854 0.137037
0 0.406771 0.124074 0.102083 0.129630
0 0.584375 0.080093 0.133333 0.069444
0 0.722135 0.068056 0.135937 0.089815
0 0.890104 0.249074 0.058333 0.162963
0 0.873437 0.362963 0.070833 0.079630
0 0.919271 0.468519 0.055208 0.170370
0 0.914062 0.613426 0.041667 0.167593
0 0.888281 0.553704 0.068229 0.203704
0 0.827344 0.575000 0.094271 0.079630
0 0.822656 0.662037 0.111979 0.162963
0 0.753646 0.668056 0.131250 0.113889
0 0.645573 0.870370 0.124479 0.090741
0 0.568750 0.837500 0.084375 0.282407