0 0.478027 0.868164 0.157227 0.094401
0 0.330566 0.858073 0.115234 0.105469
0 0.223633 0.842773 0.084961 0.070964
0 0.143311 0.826497 0.059082 0.057943
0 0.169922 0.543620 0.073242 0.087240
0 0.072998 0.673828 0.032715 0.117188
0 0.063232 0.555339 0.033691 0.147135
0 0.141357 0.473307 0.039551 0.178385
0 0.094971 0.452799 0.051270 0.116536
0 0.078369 0.435221 0.045410 0.102214
0 0.061279 0.400391 0.037598 0.082031
0 0.115234 0.349935 0.049805 0.093099
0 0.138672 0.315755 0.061523 0.108073
0 0.215332 0.411133 0.124023 0.110026
0 0.322998 0.178711 0.137207 0.100911
0 0.493652 0.084635 0.139648 0.058594
0 0.635010 0.517253 0.191895 0.155599
0 0.772949 0.658529 0.146484 0.198568
0 0.750732 0.621745 0.123535 0.178385
0 0.887451 0.624349 0.075684 0.111979
0 0.648438 0.354492 0.160156 0.102214
0 0.643799 0.271484 0.150879 0.106771
0 0.666504 0.214193 0.154297 0.115885
0 0.797119 0.426432 0.069824 0.203125
0 0.740967 0.367513 0.059082 0.224609
0 0.762939 0.274089 0.099121 0.170573
0 0.898926 0.450521 0.078125 0.152344
0 0.936523 0.438151 0.067383 0.148438