0 0.406510 0.268519 0.156771 0.135185
0 0.530208 0.173611 0.106250 0.191667
0 0.629687 0.262037 0.161458 0.127778
0 0.655469 0.176852 0.115104 0.114815
0 0.717708 0.108796 0.101042 0.056481
0 0.800521 0.111574 0.053125 0.082407
0 0.853906 0.180556 0.048438 0.131481
0 0.898438 0.249537 0.062500 0.134259
0 0.917708 0.376389 0.050000 0.139815
0 0.927865 0.512037 0.050521 0.155556
0 0.864062 0.514352 0.112500 0.158333
0 0.869010 0.645833 0.085938 0.082407
0 0.517448 0.875000 0.156771 0.101852
0 0.465625 0.797685 0.141667 0.210185
0 0.204687 0.767130 0.094792 0.086111
0 0.217708 0.824537 0.083333 0.056481
0 0.224479 0.859722 0.109375 0.069444
0 0.143490 0.808796 0.053646 0.112037
0 0.084115 0.708796 0.079687 0.165741
0 0.101042 0.806481 0.040625 0.068519
0 0.066406 0.743981 0.028646 0.095370
0 0.323698 0.148611 0.089063 0.215741
0 0.410417 0.095833 0.107292 0.084259
0 0.477344 0.109259 0.114062 0.122222
0 0.602865 0.083796 0.061979 0.058333
0 0.627344 0.131019 0.120313 0.084259
0 0.698177 0.070833 0.104688 0.050926
0 0.610156 0.057407 0.115104 0.051852