0 0.057129 0.340820 0.047852 0.091797
0 0.114014 0.330404 0.082520 0.108724
0 0.092773 0.547852 0.067383 0.117839
0 0.070557 0.476562 0.051270 0.170573
0 0.076904 0.639974 0.070801 0.153646
0 0.104736 0.628255 0.082520 0.071615
0 0.144043 0.550130 0.067383 0.171875
0 0.105957 0.791667 0.061523 0.115885
0 0.175293 0.820312 0.085938 0.114583
0 0.257080 0.877604 0.154785 0.105469
0 0.389648 0.889323 0.152344 0.106771
0 0.509521 0.842122 0.178223 0.151693
0 0.612305 0.862305 0.165039 0.139974
0 0.270508 0.367188 0.141602 0.169271
0 0.136719 0.228190 0.109375 0.083984
0 0.207764 0.187174 0.106934 0.107422
0 0.279785 0.264974 0.134766 0.122396
0 0.342041 0.205729 0.124512 0.091146
0 0.375732 0.325846 0.119629 0.142578
0 0.382812 0.180339 0.103516 0.123698
0 0.429199 0.100260 0.152344 0.104167
0 0.552979 0.079427 0.142090 0.080729
0 0.668701 0.101237 0.114746 0.086589
0 0.789551 0.166992 0.084961 0.184245
0 0.828613 0.278646 0.077148 0.144531
0 0.832520 0.532227 0.122070 0.136068
0 0.880127 0.600260 0.082520 0.136719
0 0.904785 0.513997 0.047852 0.085286