0 0.438477 0.863607 0.159180 0.128255
0 0.597900 0.850586 0.180176 0.120443
0 0.653076 0.767578 0.148926 0.144531
0 0.838379 0.646484 0.098633 0.147135
0 0.900635 0.554362 0.100098 0.068359
0 0.916504 0.442057 0.054688 0.160156
0 0.891846 0.293945 0.059082 0.142578
0 0.876709 0.152995 0.082520 0.123698
0 0.811768 0.133464 0.065918 0.088542
0 0.757080 0.087891 0.084473 0.078125
0 0.718750 0.142253 0.059570 0.133464
0 0.665771 0.085612 0.100098 0.085286
0 0.628174 0.138997 0.168457 0.151693
0 0.592529 0.173177 0.132324 0.096354
0 0.593750 0.232747 0.165039 0.116536
0 0.682129 0.352214 0.114258 0.205729
0 0.472900 0.238281 0.088379 0.161458
0 0.328125 0.379557 0.152344 0.105469
0 0.094482 0.341471 0.062012 0.110026
0 0.071045 0.293945 0.057129 0.142578
0 0.053955 0.412760 0.052246 0.131510
0 0.060791 0.562826 0.047363 0.159505
0 0.071045 0.689453 0.033691 0.145833
0 0.104980 0.680664 0.068359 0.069661
0 0.121094 0.761719 0.080078 0.097656
0 0.110107 0.808594 0.062988 0.089844
0 0.187988 0.842122 0.102539 0.100911
0 0.197998 0.806966 0.087402 0.133464