0 0.082031 0.783796 0.080729 0.052778
0 0.166667 0.848611 0.080208 0.104630
0 0.330208 0.643981 0.142708 0.254630
0 0.530729 0.607407 0.180208 0.177778
0 0.733073 0.712963 0.144271 0.107407
0 0.607552 0.422685 0.113021 0.200926
0 0.550781 0.277315 0.167187 0.108333
0 0.514323 0.149537 0.077604 0.163889
0 0.705729 0.467593 0.101042 0.237037
0 0.748437 0.647685 0.104167 0.080556
0 0.642188 0.093519 0.117708 0.098148
0 0.900521 0.588889 0.069792 0.112963
0 0.842708 0.544444 0.086458 0.181481
0 0.799219 0.484722 0.059896 0.195370
0 0.764062 0.395833 0.084375 0.125000
0 0.859896 0.435185 0.085417 0.148148
0 0.913021 0.460648 0.069792 0.119444
0 0.939583 0.508333 0.067708 0.053704
0 0.936198 0.379167 0.039062 0.113889
0 0.901563 0.329630 0.033333 0.083333
0 0.845313 0.359259 0.081250 0.094444
0 0.899740 0.251389 0.041146 0.106481
0 0.784896 0.293519 0.106250 0.127778
0 0.882031 0.187963 0.025521 0.094444
0 0.851302 0.109259 0.079687 0.083333
0 0.849740 0.200926 0.043229 0.124074
0 0.830469 0.246296 0.055729 0.116667
0 0.767969 0.187037 0.076563 0.148148