0 0.548958 0.452778 0.106250 0.305556
0 0.421615 0.497222 0.203646 0.192593
0 0.339583 0.226389 0.084375 0.191667
0 0.351042 0.373148 0.142708 0.196296
0 0.259115 0.209722 0.080729 0.158333
0 0.404167 0.142593 0.071875 0.079630
0 0.410938 0.118981 0.144792 0.102778
0 0.547917 0.088426 0.133333 0.091667
0 0.680208 0.086574 0.127083 0.084259
0 0.865885 0.181944 0.081771 0.141667
0 0.892969 0.312963 0.058854 0.140741
0 0.894010 0.396759 0.100521 0.126852
0 0.946875 0.502778 0.051042 0.150000
0 0.912760 0.576852 0.060937 0.211111
0 0.596094 0.777315 0.186979 0.173148
0 0.402083 0.858796 0.146875 0.100926
0 0.314063 0.885185 0.153125 0.094444
0 0.199219 0.847685 0.092188 0.086111
0 0.135417 0.827778 0.055208 0.062963
0 0.117708 0.448611 0.108333 0.073148
0 0.061198 0.496296 0.042188 0.155556
0 0.063542 0.606481 0.055208 0.151852
0 0.062500 0.674537 0.057292 0.130556
0 0.846354 0.518056 0.091667 0.230556
0 0.826042 0.535648 0.108333 0.210185
0 0.797135 0.683333 0.085938 0.190741
0 0.875781 0.618981 0.079687 0.200926
0 0.603906 0.836111 0.165104 0.118519