0 0.077148 0.292969 0.085938 0.063802
0 0.084229 0.372070 0.071777 0.098307
0 0.063965 0.558919 0.044922 0.160807
0 0.071045 0.695964 0.045410 0.158854
0 0.114014 0.806641 0.062012 0.106771
0 0.123047 0.741211 0.070312 0.112630
0 0.185303 0.838216 0.095215 0.097005
0 0.195557 0.811849 0.110840 0.152344
0 0.313477 0.875651 0.131836 0.082031
0 0.434814 0.872396 0.148926 0.101562
0 0.470703 0.810547 0.141602 0.165365
0 0.605957 0.850911 0.173828 0.100260
0 0.635498 0.735026 0.181152 0.153646
0 0.728027 0.701823 0.082031 0.135417
0 0.661621 0.623372 0.183594 0.155599
0 0.871582 0.631836 0.097656 0.106120
0 0.905273 0.488281 0.065430 0.143229
0 0.916016 0.435221 0.053711 0.147786
0 0.161621 0.404297 0.104492 0.180990
0 0.324219 0.358724 0.156250 0.106771
0 0.500977 0.075195 0.137695 0.104818
0 0.890381 0.296875 0.063965 0.151042
0 0.861328 0.159505 0.086914 0.088542
0 0.817871 0.129232 0.069336 0.063151
0 0.726807 0.146810 0.062988 0.146484
0 0.657471 0.093424 0.094238 0.083984
0 0.643311 0.145182 0.127441 0.165365
0 0.604004 0.188802 0.118164 0.182292