0 0.063232 0.549479 0.040527 0.154948
0 0.218506 0.544271 0.115723 0.109375
0 0.064453 0.390625 0.040039 0.164062
0 0.133789 0.359049 0.056641 0.091797
0 0.128662 0.460612 0.061035 0.145182
0 0.173340 0.404948 0.054688 0.175781
0 0.312500 0.180664 0.146484 0.103516
0 0.450195 0.126953 0.150391 0.111979
0 0.541748 0.083008 0.148926 0.080078
0 0.741455 0.082031 0.093262 0.035156
0 0.817871 0.128581 0.074219 0.082682
0 0.751709 0.128906 0.123535 0.085938
0 0.639648 0.260742 0.166016 0.094401
0 0.782959 0.275716 0.070801 0.156901
0 0.651367 0.361003 0.154297 0.150391
0 0.746582 0.358724 0.058594 0.210938
0 0.721436 0.483398 0.135254 0.147786
0 0.797119 0.448893 0.062012 0.216797
0 0.902588 0.528646 0.079590 0.076823
0 0.907471 0.563151 0.079590 0.071615
0 0.769043 0.593099 0.140625 0.121094
0 0.790283 0.675456 0.138184 0.143880
0 0.662109 0.752279 0.097656 0.202474
0 0.553711 0.860026 0.190430 0.108073
0 0.329590 0.849284 0.133789 0.124349
0 0.208740 0.760091 0.125488 0.076172
0 0.146973 0.820638 0.088867 0.089193
0 0.074707 0.700195 0.036133 0.132161