0 0.208496 0.187174 0.095703 0.160807
0 0.080811 0.273763 0.073730 0.145182
0 0.074951 0.376302 0.056152 0.128906
0 0.083252 0.411784 0.061035 0.104818
0 0.103271 0.417318 0.062988 0.113281
0 0.165039 0.474284 0.094727 0.158203
0 0.175049 0.551107 0.068848 0.100911
0 0.102783 0.551758 0.063965 0.163411
0 0.059082 0.499023 0.047852 0.069661
0 0.067383 0.568685 0.035156 0.112630
0 0.053955 0.636719 0.050293 0.128906
0 0.123047 0.725260 0.098633 0.131510
0 0.144775 0.823242 0.065918 0.057943
0 0.225342 0.838542 0.091309 0.085938
0 0.336426 0.852865 0.132812 0.134115
0 0.479980 0.870768 0.156250 0.095703
0 0.530762 0.768555 0.120117 0.159505
0 0.771484 0.662760 0.155273 0.195312
0 0.748535 0.641927 0.153320 0.152344
0 0.636963 0.562826 0.137207 0.225911
0 0.793457 0.425456 0.093750 0.232422
0 0.645264 0.466797 0.208496 0.194010
0 0.912354 0.571940 0.078613 0.116536
0 0.911865 0.355469 0.063965 0.140625
0 0.912354 0.435221 0.076660 0.169922
0 0.609863 0.318359 0.151367 0.178385
0 0.689697 0.211589 0.177246 0.128906
0 0.718750 0.352865 0.095703 0.236979