0 0.474740 0.843519 0.095312 0.185185
0 0.588802 0.803704 0.081771 0.194444
0 0.696875 0.709259 0.171875 0.151852
0 0.368750 0.889352 0.136458 0.102778
0 0.254167 0.870833 0.097917 0.104630
0 0.181510 0.829167 0.094271 0.084259
0 0.149479 0.765278 0.087500 0.102778
0 0.109375 0.819444 0.050000 0.081481
0 0.080208 0.734722 0.041667 0.143519
0 0.077344 0.582870 0.045312 0.147222
0 0.053125 0.558796 0.018750 0.108333
0 0.060156 0.456481 0.066146 0.120370
0 0.223698 0.255093 0.139063 0.141667
0 0.201042 0.172222 0.064583 0.094444
0 0.325781 0.151389 0.143229 0.132407
0 0.438021 0.095370 0.139583 0.122222
0 0.720833 0.243056 0.082292 0.204630
0 0.717969 0.388889 0.129688 0.105556
0 0.712500 0.497222 0.169792 0.161111
0 0.607812 0.422685 0.192708 0.137963
0 0.806771 0.118056 0.087500 0.178704
0 0.860417 0.118981 0.051042 0.050926
0 0.876563 0.167130 0.067708 0.065741
0 0.884375 0.293519 0.050000 0.148148
0 0.916146 0.327778 0.016667 0.101852
0 0.912760 0.446759 0.060937 0.167593
0 0.921094 0.583796 0.059896 0.126852
0 0.849740 0.636111 0.090104 0.131481