0 0.072135 0.639352 0.050521 0.152778
0 0.145573 0.660185 0.108854 0.138889
0 0.184635 0.578241 0.046354 0.184259
0 0.063542 0.437963 0.041667 0.153704
0 0.184375 0.382870 0.086458 0.130556
0 0.107552 0.255556 0.091146 0.105556
0 0.298177 0.183333 0.140104 0.103704
0 0.434375 0.100926 0.147917 0.107407
0 0.442188 0.259722 0.079167 0.228704
0 0.576823 0.113426 0.138021 0.106481
0 0.670573 0.204630 0.160938 0.144444
0 0.711719 0.100463 0.118229 0.117593
0 0.880208 0.216204 0.057292 0.167593
0 0.863542 0.225926 0.057292 0.137037
0 0.572135 0.468519 0.128646 0.257407
0 0.658073 0.388426 0.176563 0.154630
0 0.744271 0.348148 0.132292 0.111111
0 0.809115 0.389815 0.071354 0.150000
0 0.775521 0.471296 0.090625 0.153704
0 0.873437 0.557870 0.089583 0.067593
0 0.856510 0.611111 0.101562 0.088889
0 0.827083 0.672222 0.117708 0.109259
0 0.683854 0.727315 0.181250 0.154630
0 0.526563 0.831481 0.157292 0.157407
0 0.608333 0.851389 0.162500 0.102778
0 0.391406 0.838889 0.166146 0.124074
0 0.239063 0.841667 0.101042 0.098148
0 0.130469 0.816667 0.074479 0.081481