0 0.386979 0.849537 0.137500 0.134259
0 0.428906 0.890278 0.147396 0.112037
0 0.571094 0.853241 0.142187 0.167593
0 0.663802 0.779167 0.080729 0.173148
0 0.714063 0.732870 0.077083 0.199074
0 0.710156 0.596759 0.133854 0.115741
0 0.810156 0.648148 0.096354 0.274074
0 0.904167 0.580093 0.063542 0.141667
0 0.914583 0.414352 0.064583 0.180556
0 0.893229 0.263889 0.067708 0.124074
0 0.891406 0.227778 0.059896 0.125926
0 0.807292 0.114815 0.090625 0.090741
0 0.651302 0.299074 0.096354 0.159259
0 0.682031 0.191667 0.061979 0.098148
0 0.632552 0.158333 0.129688 0.105556
0 0.604948 0.135648 0.133854 0.080556
0 0.578385 0.103241 0.125521 0.067593
0 0.633854 0.067593 0.136458 0.055556
0 0.499740 0.077778 0.118229 0.059259
0 0.423177 0.115278 0.145313 0.106481
0 0.401042 0.153241 0.162500 0.104630
0 0.257031 0.187963 0.147396 0.138889
0 0.070833 0.330556 0.087500 0.116667
0 0.085156 0.697685 0.054688 0.139815
0 0.162240 0.765278 0.077604 0.095370
0 0.220573 0.809259 0.078646 0.096296
0 0.161198 0.832870 0.048438 0.041667
0 0.209375 0.870370 0.105208 0.068519