0 0.055990 0.375000 0.043229 0.135185
0 0.060677 0.562963 0.050521 0.131481
0 0.182031 0.344907 0.070312 0.175000
0 0.081510 0.796296 0.100521 0.068519
0 0.104167 0.837500 0.062500 0.041667
0 0.190104 0.851389 0.094792 0.071296
0 0.254948 0.187037 0.088021 0.075926
0 0.451562 0.099074 0.133333 0.070370
0 0.629427 0.272222 0.102604 0.151852
0 0.698958 0.166667 0.061458 0.177778
0 0.783594 0.099074 0.072396 0.070370
0 0.829948 0.222685 0.094271 0.084259
0 0.893490 0.340278 0.076563 0.130556
0 0.941667 0.412963 0.041667 0.200000
0 0.810417 0.285185 0.120833 0.146296
0 0.744271 0.346759 0.083333 0.126852
0 0.795052 0.357407 0.056771 0.087037
0 0.873177 0.407870 0.074479 0.058333
0 0.876563 0.500926 0.081250 0.159259
0 0.907813 0.573611 0.045833 0.056481
0 0.830208 0.651852 0.148958 0.111111
0 0.792188 0.535185 0.091667 0.144444
0 0.777083 0.431481 0.101042 0.062963
0 0.650521 0.515278 0.150000 0.097222
0 0.665104 0.663426 0.093750 0.213889
0 0.731510 0.696296 0.074479 0.129630
0 0.614844 0.881019 0.177604 0.152778
0 0.058333 0.474537 0.029167 0.067593