0 0.100521 0.769907 0.069792 0.056481
0 0.202083 0.872685 0.088542 0.084259
0 0.365625 0.913889 0.144792 0.112963
0 0.507292 0.872222 0.122917 0.214815
0 0.634115 0.773148 0.161979 0.122222
0 0.072396 0.258796 0.064583 0.082407
0 0.111198 0.271296 0.083854 0.096296
0 0.144792 0.397685 0.105208 0.115741
0 0.485677 0.413426 0.166146 0.128704
0 0.668229 0.562963 0.083333 0.250000
0 0.732292 0.628241 0.076042 0.210185
0 0.828125 0.626852 0.104167 0.185185
0 0.858073 0.577315 0.044271 0.112037
0 0.922917 0.515741 0.061458 0.124074
0 0.875781 0.497685 0.091146 0.075000
0 0.834115 0.456944 0.098437 0.163889
0 0.754948 0.366204 0.115104 0.139815
0 0.694792 0.240741 0.101042 0.188889
0 0.445312 0.137500 0.173958 0.143519
0 0.509115 0.062963 0.119271 0.085185
0 0.652344 0.068519 0.131771 0.085185
0 0.660937 0.147685 0.075000 0.132407
0 0.760677 0.254167 0.075521 0.175000
0 0.824219 0.315278 0.058854 0.226852
0 0.909635 0.433333 0.054688 0.053704
0 0.905208 0.332870 0.076042 0.112037
0 0.882031 0.345370 0.063021 0.083333
0 0.920573 0.300926 0.045312 0.088889