0 0.418457 0.134766 0.148438 0.074219
0 0.366211 0.221354 0.139648 0.153646
0 0.283447 0.263672 0.063965 0.199219
0 0.191895 0.289714 0.103516 0.118490
0 0.211670 0.356120 0.111816 0.139323
0 0.201660 0.471680 0.095703 0.171224
0 0.087158 0.386068 0.093262 0.076823
0 0.070801 0.584310 0.050781 0.164714
0 0.079102 0.716146 0.051758 0.115885
0 0.104492 0.758138 0.062500 0.093099
0 0.121582 0.808594 0.054688 0.069010
0 0.185303 0.841146 0.088379 0.118490
0 0.291992 0.858398 0.144531 0.099609
0 0.282471 0.803385 0.151855 0.084635
0 0.287598 0.748047 0.141602 0.088542
0 0.253662 0.683919 0.107910 0.106120
0 0.259033 0.603190 0.134277 0.112630
0 0.251465 0.527669 0.137695 0.147786
0 0.469727 0.844401 0.149414 0.130208
0 0.598389 0.831055 0.171387 0.141276
0 0.752441 0.716146 0.156250 0.121094
0 0.862305 0.625326 0.109375 0.113932
0 0.905273 0.558594 0.036133 0.122396
0 0.930176 0.501628 0.041992 0.159505
0 0.907715 0.248698 0.042969 0.126302
0 0.811035 0.150716 0.062500 0.103516
0 0.747803 0.099609 0.109863 0.075521
0 0.648682 0.128906 0.118652 0.139323