0 0.319824 0.180013 0.133789 0.085286
0 0.630371 0.556966 0.189453 0.100911
0 0.475586 0.872721 0.159180 0.085286
0 0.328857 0.855794 0.118652 0.110026
0 0.142090 0.824219 0.061523 0.049479
0 0.917480 0.372396 0.038086 0.115885
0 0.187500 0.469401 0.080078 0.161458
0 0.140869 0.480143 0.038574 0.167318
0 0.097900 0.456706 0.057129 0.102214
0 0.070068 0.676758 0.031738 0.102214
0 0.059082 0.560872 0.030273 0.133464
0 0.059570 0.403320 0.031250 0.082682
0 0.163086 0.357747 0.126953 0.093099
0 0.125977 0.308919 0.042969 0.085286
0 0.076416 0.434570 0.041504 0.110026
0 0.220703 0.842773 0.085938 0.077474
0 0.494873 0.080078 0.144043 0.058594
0 0.644287 0.353841 0.161621 0.110026
0 0.775146 0.661458 0.144043 0.195312
0 0.886719 0.620443 0.074219 0.113281
0 0.906494 0.431315 0.081543 0.152995
0 0.672852 0.203451 0.141602 0.116536
0 0.645996 0.269857 0.146484 0.116536
0 0.741943 0.360677 0.057129 0.235677
0 0.751953 0.623372 0.127930 0.181641
0 0.794922 0.423503 0.074219 0.199870
0 0.779053 0.281901 0.070801 0.154948
0 0.102783 0.339193 0.031738 0.085938