0 0.406250 0.114909 0.131836 0.091797
0 0.540771 0.086589 0.142090 0.080729
0 0.660889 0.106120 0.124512 0.113281
0 0.734619 0.118490 0.089355 0.102865
0 0.798828 0.134440 0.078125 0.091797
0 0.854004 0.176432 0.053711 0.123698
0 0.366699 0.195964 0.155273 0.105469
0 0.314453 0.321615 0.159180 0.220052
0 0.271240 0.269206 0.062012 0.181641
0 0.238281 0.227539 0.056641 0.164714
0 0.203369 0.347656 0.085449 0.095052
0 0.194824 0.458659 0.094727 0.156901
0 0.083984 0.381185 0.052734 0.051432
0 0.082275 0.428060 0.069824 0.055339
0 0.074219 0.591471 0.051758 0.158203
0 0.077637 0.734049 0.032227 0.141276
0 0.104248 0.751628 0.042480 0.112630
0 0.122070 0.806315 0.048828 0.080078
0 0.159424 0.687826 0.078613 0.163411
0 0.186768 0.846680 0.092285 0.095703
0 0.298584 0.846680 0.148926 0.119141
0 0.276855 0.757812 0.170898 0.128906
0 0.230713 0.706380 0.104980 0.109375
0 0.247559 0.623372 0.126953 0.126953
0 0.248779 0.537435 0.137207 0.218099
0 0.468994 0.857747 0.146973 0.123047
0 0.602295 0.838216 0.162598 0.133464
0 0.205811 0.521810 0.113770 0.138672