0 0.582812 0.847222 0.180208 0.155556
0 0.704427 0.727778 0.167187 0.114815
0 0.840365 0.668519 0.071354 0.174074
0 0.879687 0.634722 0.076042 0.200926
0 0.926823 0.610185 0.040104 0.187037
0 0.779948 0.546296 0.096354 0.209259
0 0.854427 0.176389 0.080729 0.169444
0 0.718490 0.186111 0.119271 0.181481
0 0.725260 0.255093 0.117188 0.173148
0 0.669010 0.274537 0.133854 0.228704
0 0.589063 0.326852 0.157292 0.162963
0 0.580990 0.465278 0.115104 0.232407
0 0.383854 0.292130 0.163542 0.176852
0 0.291927 0.632870 0.113021 0.225000
0 0.383333 0.787037 0.156250 0.220370
0 0.418750 0.860648 0.147917 0.128704
0 0.235417 0.844907 0.119792 0.100926
0 0.094531 0.826389 0.079687 0.078704
0 0.076823 0.709259 0.050521 0.162963
0 0.064062 0.556481 0.056250 0.157407
0 0.060677 0.419907 0.058854 0.169444
0 0.075781 0.280556 0.091146 0.105556
0 0.236458 0.184259 0.066667 0.090741
0 0.404687 0.098148 0.153125 0.103704
0 0.396615 0.160185 0.167187 0.122222
0 0.588281 0.104167 0.153646 0.119444
0 0.762240 0.387037 0.139063 0.098148
0 0.747917 0.620370 0.103125 0.112963