0 0.062988 0.318034 0.059570 0.141276
0 0.132080 0.241211 0.083496 0.124349
0 0.091553 0.403320 0.053223 0.132161
0 0.068359 0.451823 0.025391 0.145833
0 0.051025 0.461914 0.020996 0.134766
0 0.094238 0.535156 0.036133 0.171875
0 0.062500 0.607096 0.048828 0.145182
0 0.072266 0.771159 0.054688 0.142578
0 0.218750 0.796875 0.066406 0.128906
0 0.300781 0.838542 0.134766 0.072917
0 0.311279 0.890625 0.139160 0.065104
0 0.286133 0.722656 0.126953 0.162760
0 0.321777 0.531250 0.169922 0.123698
0 0.540771 0.768555 0.068848 0.232422
0 0.538086 0.862956 0.158203 0.108724
0 0.610107 0.606445 0.106934 0.215495
0 0.233154 0.316406 0.137207 0.125000
0 0.374023 0.150065 0.095703 0.158203
0 0.435059 0.104167 0.122070 0.106771
0 0.650146 0.103190 0.110840 0.099609
0 0.806396 0.256510 0.081543 0.220052
0 0.720459 0.501628 0.120605 0.192057
0 0.910645 0.261393 0.078125 0.142578
0 0.900146 0.477539 0.070801 0.156901
0 0.922119 0.419271 0.052246 0.130208
0 0.847656 0.607096 0.115234 0.133464
0 0.194336 0.736654 0.059570 0.143880
0 0.143799 0.820312 0.076660 0.091146