0 0.433350 0.863607 0.150879 0.128255
0 0.598633 0.857422 0.176758 0.113281
0 0.728027 0.738932 0.080078 0.164062
0 0.918213 0.568359 0.074707 0.121094
0 0.914795 0.429688 0.051270 0.153646
0 0.894287 0.294271 0.054199 0.139323
0 0.822754 0.136068 0.050781 0.083333
0 0.763428 0.094727 0.083496 0.051432
0 0.678467 0.132812 0.100098 0.098958
0 0.661377 0.092448 0.100098 0.087240
0 0.542236 0.099284 0.149902 0.094401
0 0.604248 0.213216 0.157715 0.126953
0 0.398438 0.151693 0.144531 0.114583
0 0.308350 0.243815 0.107910 0.166016
0 0.203613 0.205729 0.073242 0.102865
0 0.201416 0.281901 0.133301 0.089844
0 0.228760 0.364583 0.142090 0.070312
0 0.328613 0.404622 0.134766 0.150391
0 0.071777 0.379883 0.065430 0.076172
0 0.068359 0.455729 0.060547 0.097656
0 0.061279 0.570638 0.037598 0.134766
0 0.073975 0.695312 0.034668 0.121094
0 0.118896 0.726562 0.063965 0.108073
0 0.118408 0.809570 0.069824 0.085286
0 0.145508 0.807943 0.066406 0.070312
0 0.188965 0.769206 0.097656 0.172526
0 0.223877 0.866536 0.088379 0.057292
0 0.291992 0.797526 0.122070 0.130208