0 0.219727 0.242188 0.084961 0.079427
0 0.058105 0.455404 0.031250 0.149089
0 0.069092 0.573242 0.039551 0.083984
0 0.079834 0.662760 0.102051 0.121094
0 0.366455 0.215169 0.131348 0.149089
0 0.483154 0.257487 0.090332 0.159505
0 0.416260 0.130534 0.143066 0.076172
0 0.287842 0.257487 0.058105 0.181641
0 0.072754 0.735026 0.025391 0.113281
0 0.199463 0.470052 0.062988 0.171875
0 0.243652 0.518880 0.144531 0.179688
0 0.202393 0.638346 0.101074 0.108724
0 0.265625 0.629557 0.104492 0.082031
0 0.215332 0.365234 0.122070 0.089844
0 0.220459 0.322266 0.104980 0.065104
0 0.658203 0.108073 0.133789 0.121094
0 0.737061 0.099609 0.087402 0.066406
0 0.799316 0.136068 0.079102 0.098958
0 0.107666 0.760742 0.056152 0.102214
0 0.123291 0.803385 0.050293 0.079427
0 0.257568 0.702474 0.120605 0.072917
0 0.185547 0.843424 0.092773 0.094401
0 0.288330 0.740560 0.124512 0.093099
0 0.752197 0.714844 0.143066 0.106771
0 0.281982 0.797852 0.150879 0.095703
0 0.291992 0.858398 0.145508 0.093099
0 0.469238 0.848958 0.144531 0.123698
0 0.598877 0.837565 0.173340 0.134766