0 0.286979 0.369907 0.125000 0.169444
0 0.183073 0.328704 0.080729 0.235185
0 0.244271 0.285648 0.094792 0.169444
0 0.316927 0.193056 0.163021 0.147222
0 0.350521 0.144444 0.126042 0.092593
0 0.434115 0.246296 0.136979 0.148148
0 0.520833 0.168981 0.145833 0.110185
0 0.436719 0.111111 0.120313 0.085185
0 0.497917 0.075000 0.120833 0.066667
0 0.566927 0.086111 0.097396 0.064815
0 0.613802 0.114352 0.121354 0.052778
0 0.635677 0.158796 0.119271 0.084259
0 0.645573 0.211574 0.122396 0.104630
0 0.628125 0.072222 0.139583 0.074074
0 0.740104 0.096296 0.129167 0.144444
0 0.891927 0.275463 0.072396 0.137963
0 0.885417 0.217593 0.064583 0.124074
0 0.922396 0.418981 0.053125 0.162037
0 0.904167 0.579630 0.069792 0.142593
0 0.659896 0.785185 0.084375 0.203704
0 0.474740 0.855556 0.131771 0.155556
0 0.313281 0.822222 0.102604 0.222222
0 0.392188 0.861111 0.111458 0.118519
0 0.213281 0.806481 0.084896 0.090741
0 0.213542 0.866667 0.100000 0.055556
0 0.150521 0.807407 0.047917 0.116667
0 0.104427 0.688889 0.074479 0.081481
0 0.077344 0.706944 0.047396 0.145370