0 0.378662 0.871419 0.148926 0.087891
0 0.535645 0.853516 0.178711 0.114583
0 0.650879 0.769857 0.127930 0.223307
0 0.795898 0.583008 0.067383 0.231120
0 0.849121 0.448242 0.080078 0.184245
0 0.664062 0.520508 0.170898 0.133464
0 0.891357 0.249674 0.064941 0.166016
0 0.735596 0.257487 0.118652 0.078776
0 0.697021 0.353841 0.137207 0.208984
0 0.735107 0.121745 0.119629 0.105469
0 0.669922 0.073893 0.105469 0.061849
0 0.533936 0.099284 0.149902 0.100911
0 0.403564 0.106445 0.143066 0.070964
0 0.366455 0.200846 0.099121 0.117839
0 0.324219 0.220378 0.116211 0.100911
0 0.290771 0.255859 0.161621 0.082031
0 0.258545 0.310221 0.112793 0.085286
0 0.312500 0.375977 0.141602 0.077474
0 0.272461 0.452799 0.164062 0.085286
0 0.307617 0.514974 0.146484 0.131510
0 0.129395 0.440755 0.078125 0.122396
0 0.068848 0.447591 0.059570 0.149089
0 0.138672 0.555013 0.078125 0.190755
0 0.085205 0.552734 0.038574 0.130208
0 0.070557 0.585286 0.041504 0.139323
0 0.074707 0.645182 0.056641 0.138021
0 0.110596 0.802409 0.063965 0.086589
0 0.191650 0.840495 0.100098 0.088542