0 0.596436 0.843750 0.168457 0.134115
0 0.470947 0.850586 0.155762 0.142578
0 0.655762 0.719076 0.113281 0.179036
0 0.756104 0.712240 0.142090 0.115885
0 0.928223 0.504557 0.048828 0.165365
0 0.292236 0.858724 0.156738 0.096354
0 0.281982 0.799154 0.156738 0.086589
0 0.288818 0.739583 0.129395 0.089844
0 0.258301 0.697917 0.124023 0.091146
0 0.250732 0.600586 0.126465 0.117839
0 0.250977 0.511393 0.153320 0.151693
0 0.196777 0.459635 0.108398 0.145833
0 0.212891 0.327474 0.109375 0.083333
0 0.202393 0.278320 0.104004 0.080078
0 0.285156 0.261393 0.065430 0.199870
0 0.367432 0.219401 0.138184 0.151042
0 0.420166 0.131510 0.144043 0.076823
0 0.620605 0.166341 0.187500 0.126953
0 0.637207 0.099935 0.102539 0.087891
0 0.756348 0.111979 0.094727 0.074219
0 0.793945 0.136068 0.070312 0.089844
0 0.853027 0.151367 0.048828 0.128255
0 0.182129 0.840820 0.091797 0.107422
0 0.117432 0.804362 0.052246 0.078776
0 0.104980 0.759115 0.056641 0.091146
0 0.079834 0.709961 0.040527 0.116536
0 0.054199 0.597331 0.065430 0.137370
0 0.051514 0.494792 0.062988 0.114583