0 0.450521 0.100926 0.130208 0.081481
0 0.599479 0.059722 0.144792 0.112037
0 0.732031 0.099537 0.079687 0.063889
0 0.788281 0.118981 0.073438 0.087963
0 0.730990 0.173148 0.130729 0.138889
0 0.843490 0.187500 0.098437 0.063889
0 0.755729 0.296759 0.112500 0.186111
0 0.820833 0.299074 0.060417 0.196296
0 0.857292 0.354630 0.059375 0.209259
0 0.890365 0.299074 0.054688 0.107407
0 0.939583 0.379630 0.045833 0.151852
0 0.920573 0.481019 0.048438 0.149074
0 0.876563 0.488426 0.064583 0.162037
0 0.904948 0.621296 0.060937 0.125926
0 0.867188 0.606944 0.107292 0.110185
0 0.837500 0.564815 0.070833 0.074074
0 0.777865 0.643056 0.079687 0.221296
0 0.719792 0.512500 0.133333 0.180556
0 0.710677 0.693519 0.121354 0.116667
0 0.102604 0.821296 0.093750 0.077778
0 0.080208 0.769444 0.071875 0.081481
0 0.061979 0.585648 0.076042 0.125000
0 0.055729 0.471296 0.052083 0.155556
0 0.177083 0.375000 0.095833 0.151852
0 0.153906 0.300463 0.089063 0.089815
0 0.111719 0.311574 0.069271 0.102778
0 0.130729 0.236111 0.069792 0.070370
0 0.251823 0.187037 0.083854 0.088889