0 0.202637 0.169596 0.107422 0.099609
0 0.060547 0.393555 0.035156 0.100911
0 0.115967 0.366862 0.053223 0.113932
0 0.121582 0.438802 0.057617 0.139323
0 0.065918 0.450195 0.060547 0.091797
0 0.051514 0.549479 0.052246 0.118490
0 0.070801 0.627930 0.077148 0.154297
0 0.062500 0.711589 0.050781 0.041667
0 0.064697 0.762044 0.059082 0.076172
0 0.093018 0.802734 0.066895 0.085938
0 0.124756 0.841471 0.051270 0.074870
0 0.208252 0.762044 0.124512 0.124349
0 0.152344 0.774089 0.035156 0.049479
0 0.166992 0.817057 0.044922 0.076823
0 0.192383 0.835286 0.038086 0.084635
0 0.231201 0.854167 0.055176 0.080729
0 0.308838 0.864583 0.133301 0.128906
0 0.334717 0.672526 0.124512 0.220052
0 0.435059 0.872721 0.142578 0.120443
0 0.583496 0.855469 0.190430 0.114583
0 0.607910 0.526693 0.100586 0.265625
0 0.885742 0.545573 0.094727 0.118490
0 0.923096 0.434245 0.039551 0.134115
0 0.898438 0.294596 0.071289 0.151693
0 0.862305 0.144531 0.071289 0.145833
0 0.613037 0.125651 0.148926 0.113281
0 0.441895 0.101888 0.175781 0.103516
0 0.588135 0.073568 0.118652 0.082031