0 0.432129 0.863607 0.153320 0.119141
0 0.599609 0.837891 0.183594 0.145833
0 0.683838 0.681641 0.163574 0.170573
0 0.819824 0.628906 0.073242 0.195312
0 0.882080 0.640625 0.058105 0.082031
0 0.818115 0.504883 0.150879 0.164714
0 0.914062 0.478516 0.052734 0.152344
0 0.922852 0.425781 0.041992 0.145833
0 0.889648 0.297852 0.059570 0.128255
0 0.875244 0.164062 0.064941 0.139323
0 0.815674 0.126953 0.064941 0.065104
0 0.716064 0.121094 0.058105 0.082031
0 0.664307 0.082357 0.094238 0.076172
0 0.632080 0.145833 0.174316 0.162760
0 0.626221 0.194987 0.137207 0.182943
0 0.471924 0.162109 0.186035 0.121094
0 0.491943 0.069010 0.052246 0.089844
0 0.426758 0.301758 0.170898 0.102214
0 0.326416 0.368490 0.155762 0.098958
0 0.157715 0.415690 0.102539 0.147786
0 0.054932 0.427409 0.052246 0.142578
0 0.065430 0.569987 0.042969 0.145182
0 0.069336 0.697266 0.043945 0.114583
0 0.122314 0.728841 0.082520 0.100911
0 0.111328 0.807292 0.062500 0.098958
0 0.179199 0.832031 0.096680 0.114583
0 0.197266 0.804688 0.104492 0.131510
0 0.431396 0.655273 0.191895 0.149089