0 0.165104 0.806481 0.093750 0.066667
0 0.116927 0.821296 0.060937 0.085185
0 0.199479 0.853704 0.110417 0.079630
0 0.152344 0.768981 0.091146 0.063889
0 0.155990 0.712037 0.124479 0.088889
0 0.084896 0.726852 0.047917 0.144444
0 0.071094 0.593519 0.036979 0.148148
0 0.054427 0.558333 0.043229 0.135185
0 0.062500 0.427778 0.051042 0.146296
0 0.152604 0.257407 0.070833 0.142593
0 0.225781 0.221759 0.132812 0.136111
0 0.439063 0.121296 0.175000 0.092593
0 0.475000 0.085648 0.138542 0.060185
0 0.824740 0.136111 0.083854 0.111111
0 0.881250 0.148611 0.068750 0.158333
0 0.886458 0.293519 0.040625 0.148148
0 0.914583 0.311574 0.026042 0.119444
0 0.910937 0.443981 0.064583 0.163889
0 0.849479 0.467593 0.064583 0.237037
0 0.916667 0.576389 0.065625 0.121296
0 0.860417 0.643981 0.080208 0.121296
0 0.769010 0.657870 0.110937 0.141667
0 0.692187 0.738426 0.175000 0.158333
0 0.742188 0.408333 0.154167 0.148148
0 0.716667 0.499074 0.157292 0.174074
0 0.507812 0.569907 0.120833 0.252778
0 0.482812 0.855093 0.175000 0.119444
0 0.358594 0.877778 0.143229 0.090741