0 0.554443 0.861328 0.186035 0.105469
0 0.329346 0.846680 0.136230 0.119141
0 0.147461 0.825521 0.090820 0.089844
0 0.077148 0.714193 0.042969 0.105469
0 0.057129 0.613281 0.047852 0.121094
0 0.061768 0.518555 0.038574 0.093099
0 0.065918 0.390951 0.043945 0.143880
0 0.141602 0.361654 0.072266 0.100911
0 0.130371 0.461589 0.054688 0.148438
0 0.192139 0.491536 0.087402 0.091146
0 0.219971 0.552734 0.114746 0.105469
0 0.315186 0.180013 0.138184 0.103516
0 0.523438 0.085286 0.147461 0.072917
0 0.741943 0.090169 0.094238 0.063151
0 0.811279 0.117839 0.088379 0.057292
0 0.824951 0.196289 0.095215 0.126953
0 0.789062 0.277669 0.067383 0.156901
0 0.642090 0.259766 0.159180 0.080729
0 0.650879 0.361328 0.158203 0.156250
0 0.745850 0.361328 0.058105 0.212240
0 0.801270 0.444336 0.059570 0.216797
0 0.904297 0.524414 0.079102 0.078776
0 0.911133 0.566732 0.077148 0.070964
0 0.792480 0.670898 0.141602 0.151693
0 0.764160 0.592448 0.140625 0.128906
0 0.723389 0.484049 0.143066 0.156901
0 0.665283 0.751302 0.101074 0.210938
0 0.488037 0.636068 0.104980 0.283854