0 0.318359 0.182943 0.151367 0.098958
0 0.141113 0.359375 0.074219 0.102865
0 0.131836 0.458984 0.057617 0.151042
0 0.191895 0.466146 0.080078 0.113281
0 0.218262 0.547526 0.117188 0.114583
0 0.063965 0.388021 0.046875 0.154948
0 0.064453 0.551432 0.045898 0.145833
0 0.073242 0.701172 0.036133 0.127604
0 0.145508 0.751302 0.106445 0.063802
0 0.150391 0.827474 0.088867 0.091146
0 0.327148 0.848958 0.135742 0.128906
0 0.559082 0.861979 0.175781 0.110677
0 0.659668 0.753906 0.097656 0.204427
0 0.792969 0.671224 0.143555 0.156250
0 0.766113 0.592448 0.142578 0.126302
0 0.909180 0.564453 0.079102 0.080729
0 0.903320 0.518229 0.086914 0.071615
0 0.721680 0.481771 0.137695 0.152344
0 0.797363 0.448568 0.066406 0.221354
0 0.747559 0.361328 0.058594 0.213542
0 0.654297 0.361979 0.157227 0.154948
0 0.490723 0.293620 0.128906 0.192708
0 0.646973 0.262370 0.160156 0.096354
0 0.783691 0.273438 0.076172 0.162760
0 0.800293 0.163411 0.101562 0.122396
0 0.821289 0.129557 0.081055 0.083333
0 0.743164 0.099609 0.094727 0.072917
0 0.529785 0.090495 0.158203 0.083333