0 0.069580 0.283203 0.069824 0.057292
0 0.051025 0.447917 0.016113 0.130208
0 0.065918 0.413411 0.018555 0.104167
0 0.091064 0.403320 0.035645 0.136068
0 0.071289 0.532552 0.052734 0.131510
0 0.064209 0.617188 0.026855 0.071615
0 0.098633 0.527995 0.050781 0.153646
0 0.087646 0.794922 0.038574 0.057292
0 0.077148 0.742839 0.098633 0.049479
0 0.116699 0.654297 0.078125 0.123698
0 0.160156 0.505534 0.083984 0.160807
0 0.134521 0.824870 0.069824 0.071615
0 0.186279 0.805339 0.040527 0.147135
0 0.299805 0.813802 0.139648 0.105469
0 0.315430 0.876953 0.145508 0.091146
0 0.685303 0.768880 0.168457 0.130208
0 0.701416 0.581380 0.166504 0.154948
0 0.923340 0.428385 0.036133 0.130208
0 0.840332 0.390299 0.104492 0.119141
0 0.882568 0.260742 0.063965 0.160807
0 0.817139 0.258464 0.104980 0.115885
0 0.778809 0.166992 0.079102 0.100911
0 0.718994 0.096354 0.082520 0.096354
0 0.596680 0.081706 0.133789 0.076172
0 0.460693 0.091797 0.136230 0.098958
0 0.349854 0.133464 0.106934 0.195312
0 0.230225 0.218750 0.088379 0.074219
0 0.205078 0.294596 0.098633 0.133464