0 0.071094 0.601389 0.081771 0.156481
0 0.059375 0.521296 0.022917 0.077778
0 0.079427 0.499537 0.040104 0.115741
0 0.052083 0.438426 0.037500 0.152778
0 0.091927 0.388889 0.067187 0.135185
0 0.118229 0.275463 0.094792 0.163889
0 0.135156 0.353704 0.057813 0.114815
0 0.205469 0.310185 0.122396 0.118519
0 0.252083 0.396296 0.175000 0.100000
0 0.243490 0.200000 0.098437 0.070370
0 0.414062 0.115278 0.156250 0.097222
0 0.378906 0.190741 0.173437 0.101852
0 0.378125 0.277315 0.155208 0.117593
0 0.416927 0.299074 0.153646 0.120370
0 0.417187 0.374537 0.166667 0.143519
0 0.584375 0.086574 0.153125 0.082407
0 0.636979 0.334722 0.090625 0.230556
0 0.597656 0.470370 0.095312 0.272222
0 0.856510 0.175926 0.084896 0.151852
0 0.894271 0.323611 0.033333 0.147222
0 0.855990 0.310648 0.071354 0.204630
0 0.902865 0.562037 0.058854 0.179630
0 0.879687 0.630093 0.065625 0.189815
0 0.859635 0.660648 0.072396 0.182407
0 0.594792 0.842130 0.173958 0.160185
0 0.434896 0.854630 0.150000 0.140741
0 0.385677 0.795370 0.143229 0.227778
0 0.247656 0.841204 0.118229 0.113889