0 0.220703 0.178385 0.083008 0.084635
0 0.073975 0.457031 0.076660 0.136719
0 0.254883 0.510417 0.109375 0.135417
0 0.375977 0.371745 0.063477 0.236979
0 0.586426 0.520182 0.125000 0.208333
0 0.751953 0.423177 0.074219 0.196615
0 0.800049 0.292318 0.101074 0.083333
0 0.706543 0.073568 0.123047 0.084635
0 0.823975 0.119466 0.067871 0.082682
0 0.884277 0.177409 0.064453 0.147786
0 0.920898 0.481120 0.074219 0.070312
0 0.930176 0.549479 0.065430 0.096354
0 0.611328 0.691732 0.135742 0.146484
0 0.067139 0.683268 0.053223 0.138672
0 0.067627 0.793945 0.027832 0.113932
0 0.084229 0.782552 0.042480 0.130208
0 0.101807 0.811523 0.043457 0.134766
0 0.130371 0.816732 0.047852 0.152995
0 0.163330 0.817383 0.047363 0.147786
0 0.187500 0.845052 0.059570 0.166667
0 0.223389 0.849284 0.096191 0.172526
0 0.287598 0.858073 0.057617 0.167969
0 0.342529 0.858724 0.106934 0.180990
0 0.398193 0.761719 0.160645 0.095052
0 0.479248 0.750000 0.130371 0.170573
0 0.559326 0.815430 0.135254 0.197266
0 0.566406 0.871745 0.115234 0.175781
0 0.165527 0.680664 0.093750 0.093099