0 0.510156 0.471759 0.218229 0.134259
0 0.598958 0.364815 0.170833 0.109259
0 0.697917 0.518056 0.173958 0.089815
0 0.751042 0.656019 0.069792 0.202778
0 0.844271 0.662037 0.076042 0.172222
0 0.607292 0.856481 0.164583 0.114815
0 0.904687 0.617130 0.070833 0.171296
0 0.920312 0.497685 0.053125 0.139815
0 0.926823 0.461111 0.046354 0.116667
0 0.905469 0.324074 0.051562 0.161111
0 0.850521 0.163426 0.085417 0.139815
0 0.657552 0.100463 0.141146 0.106481
0 0.600000 0.273611 0.188542 0.095370
0 0.309635 0.855556 0.164062 0.150000
0 0.204427 0.756481 0.061979 0.203704
0 0.197135 0.857407 0.071354 0.066667
0 0.129688 0.808796 0.050000 0.080556
0 0.158073 0.776389 0.064062 0.106481
0 0.111979 0.581019 0.071875 0.089815
0 0.065885 0.533796 0.050521 0.171296
0 0.077604 0.266667 0.091667 0.109259
0 0.156250 0.420370 0.085417 0.161111
0 0.256250 0.364815 0.136458 0.137037
0 0.283073 0.237500 0.117188 0.130556
0 0.380469 0.245370 0.101562 0.161111
0 0.405990 0.154167 0.141146 0.071296
0 0.452083 0.114815 0.144792 0.083333
0 0.533073 0.078704 0.125521 0.094444