0 0.052490 0.426758 0.020996 0.093099
0 0.071289 0.429036 0.038086 0.158854
0 0.101562 0.426758 0.033203 0.143880
0 0.070557 0.562500 0.058105 0.144531
0 0.067383 0.644206 0.042969 0.074870
0 0.076660 0.746094 0.061523 0.134115
0 0.142090 0.815430 0.080078 0.100911
0 0.233887 0.180339 0.117188 0.101562
0 0.216797 0.225260 0.095703 0.100260
0 0.196533 0.277018 0.049316 0.100911
0 0.225342 0.391927 0.099121 0.162760
0 0.191895 0.731120 0.041992 0.158854
0 0.221191 0.781250 0.057617 0.169271
0 0.273682 0.846029 0.095215 0.150391
0 0.533691 0.858724 0.165039 0.113281
0 0.408447 0.107422 0.103027 0.098958
0 0.465576 0.141602 0.120605 0.167318
0 0.615967 0.643555 0.164551 0.159505
0 0.605713 0.516602 0.077637 0.238932
0 0.794678 0.648763 0.108887 0.123047
0 0.876709 0.649414 0.075684 0.098307
0 0.744629 0.521810 0.120117 0.136068
0 0.760254 0.347005 0.099609 0.231771
0 0.834961 0.314779 0.096680 0.166016
0 0.598389 0.059570 0.145996 0.099609
0 0.645020 0.116211 0.098633 0.106120
0 0.290527 0.736654 0.135742 0.138672
0 0.921631 0.428060 0.037598 0.156901