0 0.316650 0.178385 0.147949 0.100260
0 0.083740 0.254232 0.064941 0.087891
0 0.075195 0.320964 0.057617 0.143229
0 0.116699 0.357096 0.058594 0.117839
0 0.071533 0.385742 0.045410 0.120443
0 0.076416 0.421549 0.044434 0.130859
0 0.101074 0.459961 0.064453 0.117839
0 0.157227 0.474935 0.080078 0.180339
0 0.198242 0.474609 0.092773 0.144531
0 0.077148 0.550456 0.071289 0.065755
0 0.070068 0.667643 0.035645 0.134766
0 0.142822 0.821940 0.065918 0.059245
0 0.223389 0.840495 0.089355 0.091146
0 0.333740 0.860026 0.130371 0.130208
0 0.478760 0.873372 0.164551 0.095703
0 0.753906 0.631185 0.144531 0.202474
0 0.772461 0.661133 0.154297 0.202474
0 0.627686 0.556315 0.192871 0.117839
0 0.653564 0.454102 0.206543 0.180339
0 0.615234 0.317708 0.152344 0.179688
0 0.665039 0.216797 0.151367 0.140625
0 0.734619 0.348958 0.075684 0.209635
0 0.801514 0.427409 0.074707 0.224609
0 0.797607 0.291992 0.112793 0.139974
0 0.910889 0.438802 0.078613 0.213542
0 0.907715 0.350260 0.069336 0.141927
0 0.847412 0.124674 0.100098 0.089193
0 0.886475 0.629232 0.077637 0.104818