0 0.403385 0.488426 0.184896 0.182407
0 0.662500 0.483796 0.114583 0.291667
0 0.800260 0.422685 0.128646 0.169444
0 0.528125 0.300926 0.157292 0.116667
0 0.584896 0.265741 0.187500 0.138889
0 0.854688 0.158333 0.086458 0.133333
0 0.913542 0.351389 0.048958 0.137963
0 0.927865 0.482407 0.075521 0.151852
0 0.922396 0.622685 0.037500 0.171296
0 0.901042 0.629167 0.034375 0.180556
0 0.879687 0.569907 0.050000 0.204630
0 0.841406 0.661574 0.079687 0.175000
0 0.782813 0.676852 0.117708 0.094444
0 0.732812 0.712963 0.157292 0.135185
0 0.603646 0.857407 0.169792 0.125926
0 0.316146 0.862963 0.161458 0.148148
0 0.215885 0.805556 0.116146 0.092593
0 0.192708 0.856481 0.089583 0.088889
0 0.212240 0.700000 0.130729 0.090741
0 0.179167 0.749537 0.105208 0.113889
0 0.137240 0.818519 0.043229 0.070370
0 0.077344 0.786111 0.076563 0.120370
0 0.066406 0.626389 0.047396 0.171296
0 0.263802 0.216667 0.129688 0.092593
0 0.172917 0.344907 0.089583 0.175000
0 0.166927 0.525926 0.094271 0.187037
0 0.412760 0.145833 0.152604 0.076852
0 0.533594 0.086574 0.161979 0.100926