0 0.461458 0.100463 0.123958 0.126852
0 0.378125 0.135648 0.088542 0.102778
0 0.235156 0.223148 0.079687 0.155556
0 0.191667 0.190741 0.103125 0.118519
0 0.189323 0.367130 0.114062 0.136111
0 0.164844 0.326852 0.076563 0.129630
0 0.118229 0.393056 0.065625 0.136111
0 0.072656 0.273611 0.058854 0.043519
0 0.077344 0.371296 0.056771 0.140741
0 0.069531 0.573148 0.034896 0.164815
0 0.053906 0.547222 0.025521 0.125926
0 0.076042 0.705093 0.032292 0.075000
0 0.082812 0.768519 0.079167 0.094444
0 0.123698 0.828241 0.045312 0.049074
0 0.196354 0.839352 0.115625 0.110185
0 0.327344 0.893056 0.126562 0.139815
0 0.441927 0.892593 0.125521 0.087037
0 0.436458 0.815278 0.171875 0.075000
0 0.476823 0.727778 0.197396 0.127778
0 0.603125 0.757407 0.194792 0.120370
0 0.565365 0.873611 0.148438 0.119444
0 0.798438 0.684722 0.120833 0.237963
0 0.736198 0.462037 0.117188 0.194444
0 0.781510 0.352778 0.068229 0.192593
0 0.867448 0.181944 0.072396 0.147222
0 0.904948 0.311111 0.043229 0.118519
0 0.912500 0.451389 0.068750 0.169444
0 0.907292 0.609259 0.093750 0.155556