0 0.109863 0.804036 0.065430 0.096354
0 0.077393 0.690755 0.047363 0.130208
0 0.147217 0.802734 0.073730 0.049479
0 0.130371 0.747396 0.084961 0.087240
0 0.186279 0.838216 0.090332 0.089193
0 0.310791 0.858398 0.127441 0.103516
0 0.425293 0.858398 0.143555 0.108724
0 0.591309 0.858073 0.191406 0.097656
0 0.682129 0.752930 0.159180 0.138672
0 0.689697 0.610677 0.089355 0.144531
0 0.573486 0.614583 0.114746 0.239583
0 0.871094 0.617188 0.101562 0.130208
0 0.908936 0.488932 0.058105 0.126302
0 0.916260 0.428711 0.050293 0.145182
0 0.891602 0.291992 0.049805 0.137370
0 0.695068 0.369792 0.119629 0.195312
0 0.649902 0.250977 0.177734 0.133464
0 0.627686 0.158854 0.104980 0.113281
0 0.630371 0.143555 0.153320 0.151693
0 0.665771 0.090169 0.095215 0.089193
0 0.722412 0.144206 0.053223 0.136068
0 0.803955 0.111979 0.076660 0.050781
0 0.821533 0.152344 0.079590 0.078125
0 0.512207 0.087891 0.149414 0.070312
0 0.384033 0.274089 0.109863 0.191406
0 0.215332 0.376628 0.099609 0.166016
0 0.144531 0.440755 0.062500 0.095052
0 0.063232 0.563802 0.045410 0.152344