0 0.370052 0.128241 0.133854 0.113889
0 0.491927 0.087500 0.123438 0.087963
0 0.626042 0.117593 0.125000 0.092593
0 0.644792 0.054167 0.116667 0.052778
0 0.709635 0.125926 0.071354 0.137037
0 0.741667 0.116204 0.053125 0.095370
0 0.819271 0.109722 0.080208 0.047222
0 0.810937 0.134722 0.054167 0.045370
0 0.879948 0.172222 0.043229 0.085185
0 0.848698 0.175000 0.084896 0.090741
0 0.875781 0.256944 0.079687 0.091667
0 0.900260 0.375000 0.066146 0.144444
0 0.937760 0.497222 0.064062 0.151852
0 0.889062 0.531481 0.080208 0.062963
0 0.771875 0.365278 0.084375 0.143519
0 0.848698 0.600926 0.114062 0.101852
0 0.870313 0.636111 0.095833 0.101852
0 0.500781 0.850000 0.171354 0.162963
0 0.371354 0.858796 0.138542 0.117593
0 0.262760 0.828241 0.060937 0.132407
0 0.301823 0.753704 0.157812 0.116667
0 0.172135 0.838426 0.071354 0.080556
0 0.111198 0.819444 0.075521 0.087037
0 0.129688 0.714815 0.067708 0.129630
0 0.082292 0.712963 0.053125 0.094444
0 0.059115 0.589352 0.075521 0.110185
0 0.181510 0.409259 0.118229 0.094444
0 0.128385 0.327778 0.054688 0.100000