0 0.143066 0.817708 0.063477 0.059896
0 0.201172 0.842448 0.073242 0.085938
0 0.326172 0.848307 0.136719 0.126302
0 0.478760 0.874349 0.167480 0.097656
0 0.772705 0.680990 0.150879 0.165365
0 0.764404 0.611003 0.137207 0.150391
0 0.797607 0.578451 0.115723 0.077474
0 0.621338 0.535156 0.195801 0.098958
0 0.723145 0.490560 0.135742 0.130859
0 0.648682 0.334310 0.163574 0.167318
0 0.646973 0.249023 0.158203 0.082682
0 0.662598 0.186523 0.148438 0.145182
0 0.799561 0.110026 0.095215 0.061198
0 0.891602 0.278971 0.064453 0.168620
0 0.894775 0.451172 0.091309 0.145833
0 0.909180 0.562826 0.075195 0.104818
0 0.799316 0.444010 0.071289 0.210938
0 0.749268 0.363281 0.077637 0.203125
0 0.783447 0.275716 0.068848 0.155599
0 0.207764 0.538411 0.088379 0.151042
0 0.081055 0.690104 0.039062 0.098958
0 0.062500 0.554688 0.037109 0.157552
0 0.083496 0.449544 0.055664 0.081380
0 0.133057 0.485677 0.067871 0.162760
0 0.139893 0.319336 0.067871 0.125651
0 0.125732 0.371419 0.060059 0.099609
0 0.184570 0.184896 0.110352 0.079427
0 0.318359 0.183919 0.139648 0.086589