0 0.378174 0.198568 0.164551 0.122396
0 0.408203 0.115885 0.136719 0.101562
0 0.315430 0.335286 0.160156 0.236979
0 0.269043 0.267253 0.074219 0.180339
0 0.243896 0.216471 0.057129 0.164714
0 0.201660 0.350911 0.088867 0.104167
0 0.083252 0.391927 0.062988 0.070312
0 0.104980 0.485677 0.057617 0.144531
0 0.195557 0.455078 0.098145 0.149740
0 0.204834 0.523438 0.103027 0.123698
0 0.246582 0.533854 0.138672 0.218750
0 0.249023 0.622396 0.122070 0.118490
0 0.227051 0.702474 0.110352 0.074219
0 0.377930 0.742513 0.165039 0.180339
0 0.276367 0.765299 0.136719 0.110026
0 0.301025 0.845052 0.158691 0.119792
0 0.182129 0.844076 0.096680 0.089193
0 0.122803 0.802409 0.051270 0.090495
0 0.109375 0.751628 0.049805 0.120443
0 0.077393 0.730794 0.042480 0.143880
0 0.059326 0.521810 0.074707 0.060547
0 0.076904 0.605469 0.054199 0.122396
0 0.468506 0.865560 0.143066 0.113932
0 0.603516 0.836914 0.158203 0.139974
0 0.798340 0.127279 0.079102 0.083984
0 0.731689 0.115234 0.091309 0.109375
0 0.661865 0.108724 0.126465 0.125000
0 0.539307 0.096029 0.141113 0.108724