0 0.144043 0.819010 0.071289 0.059896
0 0.221436 0.835938 0.092285 0.093750
0 0.332031 0.851888 0.130859 0.125651
0 0.477783 0.874023 0.158691 0.098307
0 0.629883 0.560872 0.191406 0.137370
0 0.756348 0.626302 0.142578 0.195312
0 0.771729 0.684245 0.150879 0.154948
0 0.883545 0.617839 0.083496 0.122396
0 0.666748 0.447591 0.175293 0.137370
0 0.906494 0.435872 0.076660 0.203776
0 0.907715 0.340495 0.071289 0.140625
0 0.798340 0.426432 0.073242 0.209635
0 0.786133 0.288086 0.071289 0.164714
0 0.737549 0.358073 0.073730 0.229167
0 0.628174 0.319661 0.160645 0.171875
0 0.662842 0.213867 0.164551 0.133464
0 0.634766 0.097982 0.150391 0.120443
0 0.324707 0.171875 0.153320 0.098958
0 0.200195 0.473958 0.097656 0.145833
0 0.162109 0.473307 0.083984 0.180990
0 0.140869 0.303060 0.073730 0.100911
0 0.118652 0.342122 0.063477 0.087891
0 0.103271 0.449870 0.066895 0.115885
0 0.084717 0.432617 0.054199 0.123047
0 0.061035 0.385091 0.043945 0.098307
0 0.046875 0.472331 0.070312 0.133464
0 0.062988 0.583659 0.034180 0.106120
0 0.070801 0.681966 0.037109 0.115234