0 0.158447 0.338216 0.088379 0.113932
0 0.141113 0.446289 0.079102 0.179036
0 0.168457 0.491211 0.076172 0.206380
0 0.067871 0.486654 0.022461 0.143880
0 0.051025 0.479818 0.020996 0.130208
0 0.091553 0.473958 0.032715 0.174479
0 0.074951 0.740560 0.031738 0.123047
0 0.125732 0.804362 0.060059 0.090495
0 0.225586 0.830729 0.097656 0.096354
0 0.331543 0.863281 0.114258 0.113281
0 0.463623 0.867513 0.190918 0.111328
0 0.482666 0.094727 0.149902 0.082682
0 0.645264 0.375977 0.174316 0.141276
0 0.641846 0.469401 0.167480 0.161458
0 0.635254 0.161133 0.098633 0.176432
0 0.727295 0.299154 0.096191 0.171224
0 0.809326 0.367188 0.072754 0.175781
0 0.791748 0.431315 0.068848 0.149089
0 0.798096 0.527344 0.118652 0.062500
0 0.782959 0.640951 0.075684 0.206380
0 0.853027 0.598307 0.056641 0.096354
0 0.703125 0.741862 0.076172 0.139974
0 0.798828 0.129557 0.109375 0.119792
0 0.856934 0.177083 0.054688 0.101562
0 0.899658 0.326823 0.070801 0.109375
0 0.913574 0.422526 0.062500 0.122396
0 0.897461 0.481771 0.079102 0.134115
0 0.914062 0.577799 0.047852 0.072266