0 0.422363 0.448242 0.166016 0.147786
0 0.618652 0.673177 0.175781 0.131510
0 0.749512 0.637370 0.144531 0.190104
0 0.732178 0.544922 0.113770 0.105469
0 0.863037 0.640299 0.112793 0.094401
0 0.756104 0.453125 0.112793 0.171875
0 0.863281 0.554688 0.079102 0.074219
0 0.850830 0.498047 0.095215 0.082031
0 0.900879 0.439779 0.079102 0.108724
0 0.757568 0.359375 0.083496 0.145833
0 0.819824 0.359049 0.059570 0.102214
0 0.817627 0.269206 0.107910 0.070964
0 0.871094 0.186849 0.078125 0.065104
0 0.874023 0.134440 0.060547 0.083984
0 0.814209 0.104818 0.087402 0.121094
0 0.553711 0.259766 0.071289 0.186198
0 0.394287 0.256836 0.057129 0.149089
0 0.262939 0.324870 0.077637 0.161458
0 0.060791 0.397135 0.057129 0.082031
0 0.155273 0.576823 0.127930 0.088542
0 0.077148 0.732747 0.054688 0.124349
0 0.155518 0.835938 0.074707 0.066406
0 0.160645 0.810221 0.066406 0.068359
0 0.203125 0.792318 0.083984 0.144531
0 0.287354 0.859701 0.124512 0.142578
0 0.402100 0.838216 0.125488 0.185547
0 0.572266 0.820312 0.168945 0.156250
0 0.539062 0.878581 0.158203 0.061849