0 0.536621 0.855143 0.176758 0.108724
0 0.379883 0.876953 0.153320 0.083333
0 0.663330 0.775391 0.106934 0.227865
0 0.798340 0.584635 0.072266 0.230469
0 0.813965 0.480143 0.098633 0.160807
0 0.887939 0.245117 0.060059 0.168620
0 0.731934 0.119792 0.127930 0.104167
0 0.665283 0.073242 0.101074 0.063151
0 0.736572 0.257812 0.118652 0.072917
0 0.700684 0.354492 0.151367 0.223307
0 0.536377 0.096354 0.143066 0.095052
0 0.665283 0.532552 0.175293 0.114583
0 0.403320 0.107422 0.146484 0.072917
0 0.367188 0.197266 0.090820 0.115885
0 0.329346 0.220703 0.117676 0.097656
0 0.288574 0.255208 0.154297 0.080729
0 0.257812 0.308594 0.116211 0.097656
0 0.316406 0.384115 0.133789 0.096354
0 0.231689 0.463867 0.143066 0.125651
0 0.307861 0.520182 0.155762 0.139323
0 0.131104 0.437500 0.083496 0.128906
0 0.130859 0.542969 0.067383 0.180990
0 0.068848 0.443034 0.054688 0.151693
0 0.081787 0.563151 0.033691 0.147135
0 0.067627 0.582357 0.038574 0.155599
0 0.074707 0.644531 0.052734 0.136719
0 0.108398 0.803385 0.068359 0.082031
0 0.192871 0.839518 0.097656 0.083984