0 0.058594 0.550000 0.032813 0.155556
0 0.111458 0.802778 0.066667 0.088889
0 0.206771 0.721296 0.067708 0.201852
0 0.195312 0.845833 0.113542 0.100926
0 0.280729 0.803241 0.115625 0.165741
0 0.386198 0.905556 0.163021 0.109259
0 0.445573 0.870833 0.123438 0.076852
0 0.431510 0.811574 0.156771 0.113889
0 0.464583 0.707407 0.167708 0.122222
0 0.169531 0.214352 0.086979 0.112037
0 0.227604 0.193519 0.087500 0.133333
0 0.339323 0.151389 0.069271 0.145370
0 0.380208 0.139352 0.085417 0.200926
0 0.536458 0.081944 0.146875 0.113889
0 0.645573 0.224537 0.176563 0.167593
0 0.736979 0.467130 0.115625 0.206481
0 0.822135 0.122685 0.110937 0.173148
0 0.874479 0.182870 0.052083 0.136111
0 0.905469 0.311111 0.045312 0.138889
0 0.865885 0.492593 0.072396 0.155556
0 0.924219 0.448611 0.044271 0.139815
0 0.927344 0.581019 0.048438 0.150926
0 0.897135 0.640278 0.035937 0.173148
0 0.860938 0.649537 0.061458 0.191667
0 0.824479 0.639352 0.081250 0.208333
0 0.759375 0.687500 0.147917 0.187963
0 0.597917 0.751852 0.194792 0.125926
0 0.583333 0.843519 0.177083 0.107407