0 0.118164 0.777669 0.070312 0.072266
0 0.202393 0.796549 0.095215 0.080078
0 0.223389 0.849609 0.090332 0.066406
0 0.373047 0.801107 0.145508 0.116536
0 0.332520 0.868815 0.120117 0.100911
0 0.466797 0.883464 0.146484 0.076823
0 0.564453 0.851237 0.161133 0.100911
0 0.750244 0.643880 0.145020 0.145833
0 0.775146 0.690430 0.148926 0.142578
0 0.627197 0.489909 0.185059 0.225911
0 0.725830 0.476562 0.138184 0.167969
0 0.608154 0.317708 0.145996 0.154948
0 0.721924 0.340169 0.093262 0.211589
0 0.755859 0.247396 0.127930 0.088542
0 0.791260 0.418620 0.091309 0.218750
0 0.895752 0.484701 0.080566 0.156901
0 0.912109 0.429362 0.070312 0.164714
0 0.882812 0.224609 0.096680 0.143229
0 0.888916 0.176758 0.098145 0.149089
0 0.901855 0.341471 0.084961 0.138672
0 0.213135 0.213867 0.084473 0.100911
0 0.059326 0.324870 0.046387 0.140625
0 0.199951 0.479492 0.090332 0.181641
0 0.156494 0.474935 0.059082 0.192057
0 0.145264 0.366211 0.064941 0.067057
0 0.091553 0.437500 0.048340 0.151042
0 0.052979 0.484701 0.020020 0.139974
0 0.079102 0.484701 0.043945 0.164714