0 0.321777 0.180339 0.141602 0.089844
0 0.076416 0.281576 0.064941 0.054036
0 0.138428 0.319661 0.063965 0.114583
0 0.057861 0.398763 0.037598 0.099609
0 0.085693 0.453776 0.056152 0.066406
0 0.137939 0.475586 0.053223 0.177734
0 0.209961 0.532878 0.090820 0.150391
0 0.296143 0.435872 0.148926 0.149089
0 0.062988 0.553711 0.041016 0.142578
0 0.078857 0.691732 0.044434 0.099609
0 0.142822 0.809570 0.062988 0.090495
0 0.223145 0.846029 0.097656 0.078776
0 0.329834 0.860026 0.130371 0.119792
0 0.480225 0.873047 0.161621 0.096354
0 0.769287 0.672201 0.153809 0.184245
0 0.765137 0.616536 0.122070 0.153646
0 0.911621 0.536784 0.073242 0.117839
0 0.891846 0.453776 0.087402 0.169271
0 0.840820 0.507161 0.084961 0.186198
0 0.794922 0.428385 0.053711 0.204427
0 0.790283 0.282552 0.071777 0.164062
0 0.859375 0.146810 0.073242 0.069661
0 0.664551 0.184896 0.146484 0.143229
0 0.644775 0.263021 0.148926 0.113281
0 0.648193 0.344401 0.155762 0.096354
0 0.741455 0.370443 0.062988 0.227865
0 0.620361 0.533854 0.197754 0.105469
0 0.701904 0.620443 0.150879 0.164062