0 0.548828 0.862956 0.189453 0.099609
0 0.325928 0.847331 0.136230 0.126953
0 0.664062 0.751953 0.096680 0.212240
0 0.792969 0.673177 0.140625 0.156250
0 0.768799 0.593424 0.138184 0.126953
0 0.905273 0.517253 0.079102 0.061849
0 0.907715 0.571289 0.083984 0.061849
0 0.726318 0.480143 0.137207 0.149089
0 0.798828 0.438151 0.066406 0.201823
0 0.786621 0.274089 0.067383 0.154948
0 0.813477 0.181641 0.083984 0.135417
0 0.817627 0.122721 0.075684 0.082682
0 0.739746 0.093424 0.086914 0.063151
0 0.524658 0.085612 0.149902 0.069661
0 0.636719 0.257812 0.163086 0.088542
0 0.650146 0.361328 0.159668 0.156250
0 0.746094 0.357747 0.062500 0.201172
0 0.482178 0.480794 0.081543 0.271484
0 0.314209 0.173177 0.149902 0.114583
0 0.218994 0.548503 0.112793 0.117839
0 0.182861 0.483073 0.077637 0.089844
0 0.135010 0.362305 0.063965 0.095703
0 0.129883 0.463216 0.055664 0.158203
0 0.065918 0.388021 0.041992 0.153646
0 0.061279 0.515625 0.037598 0.096354
0 0.057617 0.623372 0.048828 0.128255
0 0.076416 0.724284 0.037598 0.091797
0 0.147217 0.825521 0.081543 0.089844