0 0.068229 0.381019 0.084375 0.147222
0 0.048438 0.482407 0.062500 0.068519
0 0.119271 0.380093 0.088542 0.115741
0 0.187500 0.364815 0.097917 0.164815
0 0.254948 0.186574 0.091146 0.093519
0 0.379427 0.122222 0.091146 0.105556
0 0.440365 0.085648 0.097396 0.082407
0 0.442708 0.293056 0.106250 0.243519
0 0.083073 0.755093 0.076563 0.080556
0 0.189062 0.839352 0.106250 0.102778
0 0.261979 0.793981 0.148958 0.091667
0 0.307292 0.868981 0.123958 0.080556
0 0.608854 0.210185 0.139583 0.144444
0 0.565625 0.331944 0.166667 0.165741
0 0.721094 0.116667 0.067187 0.185185
0 0.736979 0.329630 0.104167 0.207407
0 0.807031 0.297222 0.121354 0.125926
0 0.832031 0.235185 0.060937 0.131481
0 0.885156 0.263889 0.074479 0.111111
0 0.875260 0.163889 0.076563 0.105556
0 0.840625 0.468981 0.069792 0.197222
0 0.912240 0.434722 0.070312 0.132407
0 0.941406 0.522222 0.056771 0.148148
0 0.892448 0.528241 0.066146 0.108333
0 0.855990 0.607407 0.107813 0.090741
0 0.797917 0.689815 0.098958 0.083333
0 0.781771 0.567130 0.115625 0.217593
0 0.752604 0.501852 0.094792 0.177778