0 0.593229 0.838889 0.184375 0.179630
0 0.421615 0.855556 0.159896 0.157407
0 0.387240 0.776852 0.152604 0.205556
0 0.245312 0.835185 0.119792 0.127778
0 0.386719 0.545370 0.114062 0.238889
0 0.620313 0.456944 0.107292 0.286111
0 0.653646 0.313889 0.096875 0.300000
0 0.868750 0.309259 0.067708 0.218519
0 0.904167 0.329630 0.038542 0.196296
0 0.859115 0.192593 0.091146 0.179630
0 0.583333 0.088426 0.163542 0.097222
0 0.874740 0.516204 0.050521 0.069444
0 0.906771 0.628241 0.068750 0.156481
0 0.834896 0.650926 0.123958 0.200000
0 0.361979 0.466667 0.122917 0.274074
0 0.407031 0.312963 0.144271 0.131481
0 0.380469 0.268519 0.164062 0.098148
0 0.377604 0.192593 0.195833 0.116667
0 0.412760 0.104167 0.161979 0.104630
0 0.243229 0.192130 0.106250 0.078704
0 0.201042 0.310648 0.117708 0.136111
0 0.127344 0.359259 0.049479 0.133333
0 0.128906 0.268519 0.097396 0.150000
0 0.083854 0.478704 0.050000 0.175926
0 0.227083 0.496759 0.150000 0.137963
0 0.062500 0.430093 0.064583 0.169444
0 0.065885 0.570370 0.044271 0.146296
0 0.302865 0.384259 0.093229 0.246296