0 0.101807 0.279622 0.062988 0.133464
0 0.059326 0.346680 0.052246 0.104818
0 0.054199 0.402995 0.020508 0.062500
0 0.601807 0.122070 0.160645 0.095703
0 0.127930 0.475911 0.116211 0.074219
0 0.109619 0.381510 0.043457 0.134115
0 0.064697 0.442383 0.055176 0.124349
0 0.061523 0.552083 0.041016 0.104167
0 0.056885 0.668620 0.046387 0.136719
0 0.080566 0.718750 0.036133 0.082031
0 0.087158 0.770182 0.083496 0.062500
0 0.128662 0.819987 0.066895 0.099609
0 0.175781 0.762044 0.073242 0.078776
0 0.164062 0.817708 0.041016 0.066406
0 0.235352 0.801432 0.064453 0.166667
0 0.189697 0.828125 0.033691 0.093750
0 0.307617 0.858398 0.131836 0.137370
0 0.437012 0.880534 0.156250 0.121745
0 0.587646 0.855794 0.182129 0.108724
0 0.579346 0.716797 0.172363 0.166667
0 0.715088 0.613281 0.158691 0.145833
0 0.794678 0.703776 0.169434 0.173177
0 0.894531 0.597982 0.079102 0.078776
0 0.918701 0.442057 0.047363 0.147135
0 0.899414 0.293945 0.062500 0.155599
0 0.864258 0.162109 0.069336 0.123698
0 0.442139 0.093424 0.178223 0.090495
0 0.589844 0.061849 0.118164 0.055990