0 0.066146 0.346296 0.067708 0.098148
0 0.063281 0.653704 0.061979 0.098148
0 0.403385 0.162037 0.114062 0.142593
0 0.057552 0.550000 0.074479 0.059259
0 0.235417 0.253241 0.059375 0.187963
0 0.624740 0.106944 0.102604 0.173148
0 0.686719 0.187037 0.101562 0.192593
0 0.784115 0.125926 0.069271 0.111111
0 0.694792 0.310648 0.109375 0.110185
0 0.810937 0.234259 0.098958 0.127778
0 0.763281 0.383796 0.096354 0.119444
0 0.384115 0.868519 0.189062 0.196296
0 0.729167 0.655093 0.079167 0.206481
0 0.819531 0.661574 0.078646 0.076852
0 0.295833 0.892593 0.153125 0.111111
0 0.104167 0.802778 0.052083 0.153704
0 0.167187 0.756481 0.107292 0.120370
0 0.159896 0.814815 0.094792 0.109259
0 0.879427 0.260648 0.043229 0.152778
0 0.812240 0.484259 0.123438 0.066667
0 0.827083 0.373148 0.090625 0.150000
0 0.905469 0.314815 0.034896 0.114815
0 0.863021 0.574537 0.130208 0.076852
0 0.902604 0.449537 0.047917 0.108333
0 0.879948 0.379630 0.041146 0.053704
0 0.872917 0.659722 0.073958 0.110185
0 0.934115 0.473611 0.043229 0.139815
0 0.952083 0.534722 0.048958 0.086111