0 0.415365 0.881944 0.145313 0.139815
0 0.604948 0.658796 0.151562 0.249074
0 0.851823 0.665741 0.111979 0.155556
0 0.894531 0.590278 0.057813 0.137963
0 0.825521 0.547685 0.098958 0.069444
0 0.938021 0.523148 0.051042 0.122222
0 0.932552 0.378704 0.042188 0.157407
0 0.891927 0.281481 0.070312 0.120370
0 0.828646 0.198611 0.081250 0.080556
0 0.854167 0.336111 0.109375 0.094444
0 0.877604 0.410648 0.067708 0.113889
0 0.803906 0.474537 0.097396 0.076852
0 0.749479 0.352315 0.100000 0.104630
0 0.661719 0.082407 0.146354 0.103704
0 0.548958 0.251852 0.153125 0.148148
0 0.457552 0.272685 0.118229 0.152778
0 0.445833 0.375000 0.177083 0.114815
0 0.416927 0.119907 0.075521 0.132407
0 0.252344 0.188889 0.098437 0.085185
0 0.261719 0.312037 0.113021 0.181481
0 0.192969 0.381944 0.077604 0.191667
0 0.138281 0.342593 0.067187 0.135185
0 0.140625 0.286574 0.073958 0.117593
0 0.080729 0.277315 0.071875 0.136111
0 0.119271 0.443056 0.069792 0.100926
0 0.056250 0.656019 0.050000 0.139815
0 0.123958 0.816204 0.056250 0.082407
0 0.201563 0.849537 0.096875 0.082407