0 0.063232 0.297852 0.072754 0.117839
0 0.053223 0.430339 0.058594 0.108073
0 0.090820 0.419922 0.063477 0.127604
0 0.072510 0.533529 0.054199 0.130859
0 0.064941 0.622396 0.041016 0.100260
0 0.122070 0.573242 0.076172 0.100911
0 0.081299 0.710938 0.073730 0.093750
0 0.140869 0.823568 0.078613 0.080729
0 0.190674 0.740560 0.054199 0.158203
0 0.222900 0.782878 0.052246 0.163411
0 0.287354 0.773763 0.142090 0.073568
0 0.301758 0.860026 0.133789 0.106771
0 0.272949 0.516927 0.138672 0.156250
0 0.339111 0.415690 0.116699 0.215495
0 0.207031 0.235026 0.073242 0.192708
0 0.390625 0.309896 0.191406 0.160156
0 0.357178 0.147135 0.106934 0.132812
0 0.474365 0.068685 0.142090 0.095703
0 0.657959 0.081055 0.112793 0.098307
0 0.745117 0.125000 0.083984 0.165365
0 0.739258 0.278320 0.125977 0.128255
0 0.739014 0.395508 0.078613 0.214193
0 0.651611 0.421224 0.152832 0.161458
0 0.584717 0.569987 0.145996 0.180339
0 0.906006 0.615560 0.112793 0.141276
0 0.861816 0.423828 0.090820 0.201823
0 0.920898 0.422526 0.043945 0.147135
0 0.905762 0.250651 0.075195 0.144531