0 0.087646 0.299154 0.083496 0.082682
0 0.117920 0.358073 0.084473 0.092448
0 0.157471 0.408203 0.110840 0.173177
0 0.312256 0.349284 0.155762 0.128255
0 0.061035 0.556315 0.037109 0.162109
0 0.109863 0.581706 0.086914 0.177734
0 0.071045 0.697591 0.045410 0.139974
0 0.114502 0.812174 0.065918 0.098307
0 0.125732 0.743815 0.078613 0.124349
0 0.186035 0.847331 0.108398 0.104818
0 0.312744 0.874023 0.133301 0.082682
0 0.434326 0.853516 0.149902 0.139323
0 0.606934 0.846354 0.178711 0.100260
0 0.681885 0.754883 0.166504 0.146484
0 0.569336 0.638997 0.082031 0.235026
0 0.662842 0.621745 0.128418 0.130208
0 0.874268 0.620768 0.096191 0.125651
0 0.904053 0.491862 0.067871 0.141276
0 0.918945 0.436523 0.049805 0.154297
0 0.888672 0.301758 0.060547 0.163411
0 0.818359 0.155599 0.086914 0.080729
0 0.805908 0.108073 0.073730 0.042969
0 0.664795 0.088867 0.099121 0.087891
0 0.724854 0.143555 0.062012 0.136068
0 0.642578 0.150065 0.124023 0.162109
0 0.618408 0.189453 0.105957 0.174479
0 0.474121 0.087240 0.141602 0.118490
0 0.359863 0.177083 0.131836 0.158854