0 0.066406 0.428241 0.054688 0.139815
0 0.062500 0.561574 0.037500 0.169444
0 0.083333 0.731019 0.048958 0.137963
0 0.145573 0.822222 0.059896 0.064815
0 0.210938 0.814352 0.080208 0.069444
0 0.219792 0.864815 0.110417 0.051852
0 0.472656 0.862037 0.161979 0.127778
0 0.661458 0.767130 0.171875 0.104630
0 0.718490 0.563426 0.139063 0.189815
0 0.600521 0.488426 0.154167 0.145370
0 0.495573 0.500926 0.079687 0.214815
0 0.579427 0.384259 0.160938 0.090741
0 0.754427 0.367130 0.092188 0.195370
0 0.353385 0.366667 0.125521 0.248148
0 0.502865 0.306944 0.220312 0.162037
0 0.644792 0.250926 0.103125 0.151852
0 0.651042 0.169444 0.121875 0.098148
0 0.622656 0.142593 0.141146 0.103704
0 0.571094 0.104167 0.136979 0.075000
0 0.614323 0.068056 0.146354 0.052778
0 0.493490 0.086111 0.128646 0.062963
0 0.411719 0.128241 0.059896 0.134259
0 0.345052 0.140741 0.066146 0.135185
0 0.920833 0.504167 0.052083 0.165741
0 0.910156 0.375463 0.057813 0.143519
0 0.889583 0.263889 0.069792 0.118519
0 0.848177 0.172222 0.044271 0.103704
0 0.866406 0.154167 0.060937 0.104630