0 0.520508 0.865234 0.197266 0.100260
0 0.328613 0.847331 0.134766 0.124349
0 0.145996 0.826497 0.085938 0.085286
0 0.080322 0.769206 0.070801 0.087891
0 0.073975 0.686849 0.034668 0.091146
0 0.062500 0.564453 0.037109 0.122396
0 0.070801 0.493164 0.048828 0.085286
0 0.061768 0.376302 0.040527 0.139323
0 0.103760 0.347331 0.047363 0.166016
0 0.144531 0.339518 0.086914 0.085286
0 0.129395 0.463542 0.056641 0.162760
0 0.190430 0.486979 0.074219 0.100260
0 0.315918 0.178385 0.144531 0.097656
0 0.525635 0.082357 0.156738 0.076172
0 0.743896 0.094401 0.100098 0.065104
0 0.818115 0.123372 0.074707 0.077474
0 0.933105 0.435221 0.055664 0.149089
0 0.904053 0.535807 0.076660 0.071615
0 0.784912 0.277018 0.059082 0.155599
0 0.799561 0.445964 0.060059 0.213542
0 0.747314 0.358073 0.062988 0.227865
0 0.639160 0.259766 0.165039 0.139323
0 0.651855 0.361328 0.165039 0.147135
0 0.724609 0.483073 0.140625 0.148438
0 0.767578 0.597656 0.142578 0.121094
0 0.872070 0.604818 0.084961 0.059896
0 0.792480 0.690104 0.139648 0.125000
0 0.633789 0.744466 0.110352 0.215495