0 0.596615 0.837963 0.183854 0.177778
0 0.436719 0.857407 0.147396 0.150000
0 0.386979 0.796759 0.153125 0.236111
0 0.245312 0.841667 0.128125 0.122222
0 0.775000 0.659722 0.192708 0.108333
0 0.869271 0.637963 0.066667 0.222222
0 0.895312 0.640278 0.045833 0.175000
0 0.920833 0.628241 0.036458 0.182407
0 0.858333 0.316667 0.070833 0.211111
0 0.895312 0.318519 0.032292 0.155556
0 0.857031 0.181019 0.093229 0.182407
0 0.615885 0.286574 0.158854 0.137963
0 0.593229 0.484722 0.121875 0.269444
0 0.410417 0.370370 0.181250 0.144444
0 0.202083 0.311111 0.126042 0.140741
0 0.421615 0.298148 0.164062 0.129630
0 0.581510 0.087037 0.169271 0.090741
0 0.410938 0.107407 0.162500 0.090741
0 0.377865 0.192593 0.182812 0.124074
0 0.245833 0.183333 0.114583 0.088889
0 0.108854 0.285185 0.090625 0.120370
0 0.104427 0.357407 0.057813 0.170370
0 0.055208 0.430093 0.045833 0.165741
0 0.084375 0.487500 0.051042 0.158333
0 0.063542 0.552778 0.037500 0.153704
0 0.098958 0.648148 0.062500 0.159259
0 0.052344 0.666667 0.046354 0.161111
0 0.378646 0.280556 0.158333 0.125926