0 0.112760 0.306481 0.080729 0.087037
0 0.055729 0.493519 0.108333 0.150000
0 0.053646 0.551852 0.068750 0.124074
0 0.044010 0.652778 0.063021 0.133333
0 0.085156 0.709259 0.092188 0.131481
0 0.094531 0.804630 0.073438 0.079630
0 0.128385 0.755093 0.084896 0.071296
0 0.183333 0.864815 0.117708 0.068519
0 0.453125 0.881481 0.205208 0.157407
0 0.609896 0.830093 0.208333 0.134259
0 0.627083 0.920833 0.185417 0.047222
0 0.655469 0.799537 0.195312 0.108333
0 0.623177 0.712037 0.203646 0.129630
0 0.598437 0.629167 0.211458 0.176852
0 0.601042 0.493056 0.092708 0.228704
0 0.679167 0.529630 0.093750 0.211111
0 0.746875 0.656481 0.067708 0.283333
0 0.716667 0.715278 0.067708 0.167593
0 0.790885 0.712963 0.045312 0.203704
0 0.804688 0.590741 0.086458 0.225926
0 0.829688 0.700000 0.052083 0.181481
0 0.860938 0.647685 0.056250 0.237963
0 0.884635 0.656481 0.040104 0.153704
0 0.902865 0.633333 0.041146 0.188889
0 0.922917 0.615741 0.043750 0.185185
0 0.900260 0.407407 0.106771 0.116667
0 0.893750 0.248611 0.066667 0.141667
0 0.609115 0.106019 0.147396 0.112037