0 0.651302 0.748148 0.161979 0.138889
0 0.471875 0.858796 0.157292 0.128704
0 0.358333 0.829167 0.137500 0.104630
0 0.214844 0.813426 0.084896 0.075000
0 0.219271 0.858333 0.105208 0.075926
0 0.083594 0.728241 0.044271 0.143519
0 0.062500 0.558796 0.034375 0.156481
0 0.120573 0.258796 0.057813 0.065741
0 0.238021 0.237500 0.117708 0.189815
0 0.404427 0.106944 0.127604 0.100926
0 0.510156 0.081481 0.091146 0.057407
0 0.618750 0.067130 0.137500 0.045370
0 0.573438 0.106019 0.135417 0.071296
0 0.622656 0.137500 0.133854 0.100926
0 0.649479 0.163426 0.118750 0.100926
0 0.636198 0.254630 0.105729 0.153704
0 0.716927 0.288889 0.173437 0.107407
0 0.600781 0.485185 0.135937 0.168519
0 0.507552 0.493981 0.090104 0.182407
0 0.567448 0.380093 0.174479 0.097222
0 0.724740 0.536574 0.113021 0.210185
0 0.774479 0.167593 0.150000 0.101852
0 0.923698 0.508796 0.042188 0.165741
0 0.913281 0.368056 0.057813 0.141667
0 0.888281 0.265278 0.073438 0.132407
0 0.855208 0.175000 0.040625 0.098148
0 0.802604 0.112500 0.044792 0.080556
0 0.848437 0.111111 0.043750 0.051852