0 0.054443 0.469076 0.020996 0.126953
0 0.067871 0.466797 0.024414 0.115885
0 0.093750 0.429036 0.048828 0.136719
0 0.077637 0.554688 0.072266 0.089844
0 0.157715 0.330404 0.079102 0.132161
0 0.222168 0.185547 0.110352 0.089844
0 0.162109 0.494141 0.073242 0.201823
0 0.187012 0.470052 0.079102 0.147135
0 0.469971 0.218099 0.063965 0.192708
0 0.792480 0.130534 0.055664 0.110026
0 0.899170 0.336589 0.082520 0.128906
0 0.914062 0.429688 0.066406 0.153646
0 0.898926 0.491862 0.078125 0.166016
0 0.770020 0.285807 0.115234 0.122396
0 0.636230 0.400391 0.184570 0.156250
0 0.635010 0.495443 0.180176 0.204427
0 0.753174 0.445964 0.058105 0.197917
0 0.808350 0.382161 0.089355 0.170573
0 0.783203 0.426758 0.104492 0.184245
0 0.795410 0.562174 0.128906 0.120443
0 0.755859 0.650391 0.140625 0.130208
0 0.769531 0.683919 0.146484 0.156901
0 0.538574 0.711589 0.126953 0.187500
0 0.630615 0.831055 0.131348 0.150391
0 0.465820 0.865234 0.160156 0.113281
0 0.327393 0.858398 0.113770 0.111328
0 0.222900 0.851562 0.111816 0.113281
0 0.122803 0.795573 0.076660 0.106771