0 0.322656 0.860185 0.104688 0.211111
0 0.268490 0.855556 0.088021 0.205556
0 0.236198 0.716667 0.115104 0.203704
0 0.201042 0.831019 0.070833 0.200926
0 0.165104 0.818519 0.045833 0.157407
0 0.133854 0.817130 0.045833 0.156481
0 0.070312 0.706944 0.077083 0.065741
0 0.442969 0.841667 0.174479 0.116667
0 0.103906 0.813426 0.046354 0.062037
0 0.455208 0.913889 0.132292 0.087037
0 0.059375 0.555556 0.031250 0.150000
0 0.230208 0.448611 0.121875 0.221296
0 0.266146 0.184259 0.135417 0.096296
0 0.358594 0.175463 0.065104 0.117593
0 0.374740 0.131944 0.075521 0.112037
0 0.472656 0.113426 0.116146 0.187963
0 0.564583 0.107870 0.067708 0.208333
0 0.720052 0.492593 0.114062 0.216667
0 0.745833 0.662963 0.105208 0.203704
0 0.663281 0.669907 0.125521 0.223148
0 0.594792 0.835648 0.171875 0.145370
0 0.573438 0.715278 0.081250 0.271296
0 0.497135 0.671759 0.103646 0.256481
0 0.832031 0.648148 0.105729 0.133333
0 0.918490 0.456481 0.065104 0.200000
0 0.904948 0.327778 0.045312 0.142593
0 0.880208 0.212500 0.042708 0.130556
0 0.774479 0.236574 0.145833 0.089815