0 0.245312 0.457870 0.148958 0.221296
0 0.294010 0.603704 0.164062 0.157407
0 0.437500 0.814352 0.176042 0.110185
0 0.459896 0.888426 0.156250 0.073148
0 0.506771 0.663889 0.084375 0.270370
0 0.571615 0.695370 0.090104 0.270370
0 0.598177 0.818981 0.180729 0.167593
0 0.216667 0.871296 0.084375 0.125926
0 0.080729 0.789815 0.067708 0.075926
0 0.108333 0.796759 0.085417 0.095370
0 0.069531 0.691204 0.065104 0.136111
0 0.058854 0.551389 0.034375 0.156481
0 0.078125 0.356481 0.066667 0.120370
0 0.297917 0.194907 0.065625 0.143519
0 0.374219 0.133796 0.096354 0.163889
0 0.413021 0.222222 0.169792 0.148148
0 0.464583 0.117130 0.157292 0.113889
0 0.494271 0.076852 0.158333 0.120370
0 0.689063 0.089352 0.142708 0.130556
0 0.810677 0.127778 0.110937 0.072222
0 0.865885 0.176389 0.079687 0.102778
0 0.905729 0.312963 0.051042 0.131481
0 0.919531 0.472685 0.056771 0.191667
0 0.836458 0.596296 0.079167 0.214815
0 0.814323 0.459722 0.138021 0.099074
0 0.745833 0.462037 0.103125 0.192593
0 0.709635 0.501852 0.113021 0.214815
0 0.748958 0.672685 0.114583 0.145370