0 0.110156 0.797222 0.058854 0.072222
0 0.195573 0.839352 0.106771 0.100926
0 0.319010 0.877315 0.129688 0.069444
0 0.448958 0.893056 0.132292 0.099074
0 0.460417 0.684722 0.182292 0.097222
0 0.482552 0.758333 0.168229 0.118519
0 0.580990 0.842130 0.185938 0.100926
0 0.598958 0.752778 0.186458 0.133333
0 0.059896 0.616204 0.051042 0.145370
0 0.061458 0.520370 0.032292 0.077778
0 0.162240 0.526389 0.091146 0.160185
0 0.070312 0.343056 0.079167 0.084259
0 0.191406 0.298611 0.083854 0.078704
0 0.222135 0.196759 0.064062 0.117593
0 0.353385 0.171296 0.098437 0.098148
0 0.393229 0.117130 0.143750 0.112037
0 0.489583 0.116204 0.060417 0.171296
0 0.567448 0.115741 0.109896 0.196296
0 0.722656 0.085185 0.101562 0.094444
0 0.817969 0.136574 0.097396 0.182407
0 0.873958 0.185185 0.053125 0.133333
0 0.905208 0.312963 0.041667 0.114815
0 0.915625 0.413889 0.055208 0.098148
0 0.911719 0.560648 0.068229 0.189815
0 0.861458 0.668981 0.075000 0.147222
0 0.765365 0.668981 0.094271 0.169444
0 0.736979 0.462037 0.112500 0.207407
0 0.780208 0.348148 0.061458 0.192593