0 0.058105 0.589193 0.065430 0.132812
0 0.057373 0.505534 0.030762 0.033203
0 0.083008 0.703125 0.070312 0.123698
0 0.107666 0.815430 0.063965 0.081380
0 0.133057 0.807943 0.067871 0.130208
0 0.149414 0.814128 0.085938 0.126953
0 0.228027 0.842448 0.109375 0.122396
0 0.340576 0.781901 0.105957 0.214844
0 0.394775 0.823242 0.116699 0.201172
0 0.459229 0.895508 0.138184 0.080078
0 0.523926 0.851237 0.148438 0.117839
0 0.639893 0.799479 0.116699 0.160156
0 0.637451 0.682943 0.207520 0.145833
0 0.800537 0.675456 0.111816 0.147786
0 0.923828 0.550456 0.082031 0.106120
0 0.926514 0.441406 0.041504 0.154948
0 0.857910 0.378581 0.102539 0.125651
0 0.788330 0.329753 0.115723 0.185547
0 0.848389 0.284831 0.088379 0.110026
0 0.899658 0.297852 0.045410 0.134766
0 0.863525 0.156901 0.051270 0.063802
0 0.838379 0.129883 0.048828 0.069661
0 0.766602 0.111328 0.096680 0.114583
0 0.650146 0.097331 0.127441 0.106120
0 0.682617 0.112630 0.102539 0.059896
0 0.400391 0.384440 0.162109 0.235026
0 0.419678 0.197917 0.159668 0.100260
0 0.276611 0.195312 0.136230 0.130208