0 0.313721 0.420898 0.116699 0.198568
0 0.516357 0.246745 0.073730 0.190104
0 0.828857 0.453776 0.125488 0.173177
0 0.645996 0.727214 0.069336 0.214844
0 0.780029 0.693685 0.148926 0.132161
0 0.510254 0.666016 0.071289 0.240885
0 0.709229 0.538086 0.166504 0.132161
0 0.635498 0.507161 0.138184 0.194010
0 0.532227 0.809570 0.163086 0.242839
0 0.415527 0.865885 0.129883 0.203125
0 0.387451 0.875000 0.073730 0.071615
0 0.900879 0.619792 0.092773 0.130208
0 0.225098 0.852865 0.108398 0.122396
0 0.162598 0.813477 0.076172 0.133464
0 0.115967 0.759766 0.088379 0.095052
0 0.074951 0.734375 0.053223 0.149740
0 0.106689 0.282552 0.066895 0.164062
0 0.077393 0.399089 0.051270 0.085938
0 0.060791 0.307292 0.039551 0.108073
0 0.936523 0.485677 0.049805 0.131510
0 0.790283 0.235026 0.104980 0.074219
0 0.731201 0.100586 0.061035 0.089193
0 0.610352 0.058594 0.162109 0.096354
0 0.820557 0.126302 0.061035 0.152344
0 0.879639 0.186523 0.062012 0.085286
0 0.536377 0.881185 0.138184 0.163411
0 0.909912 0.386068 0.067871 0.065104
0 0.848633 0.115885 0.059570 0.093750