0 0.485156 0.669907 0.114062 0.262037
0 0.570573 0.696296 0.096354 0.272222
0 0.597656 0.824537 0.175521 0.165741
0 0.460677 0.893056 0.163021 0.075000
0 0.432552 0.819444 0.168229 0.112963
0 0.249740 0.758333 0.110937 0.135185
0 0.115104 0.793981 0.071875 0.104630
0 0.075260 0.722685 0.060937 0.097222
0 0.059115 0.552315 0.035937 0.165741
0 0.245312 0.472685 0.148958 0.223148
0 0.482552 0.268519 0.152604 0.177778
0 0.295052 0.533333 0.146354 0.155556
0 0.340625 0.166667 0.086458 0.185185
0 0.248958 0.182870 0.069792 0.128704
0 0.252083 0.319907 0.126042 0.149074
0 0.201563 0.197685 0.045833 0.106481
0 0.437500 0.122685 0.098958 0.162037
0 0.543229 0.099074 0.123958 0.146296
0 0.795573 0.409722 0.080729 0.223148
0 0.742188 0.539352 0.125000 0.175000
0 0.723698 0.419444 0.094271 0.112963
0 0.890104 0.231481 0.108333 0.157407
0 0.904167 0.352778 0.045833 0.064815
0 0.920312 0.419444 0.055208 0.103704
0 0.923438 0.556481 0.066667 0.188889
0 0.905729 0.295370 0.117708 0.116667
0 0.892708 0.622685 0.051042 0.199074
0 0.834896 0.640278 0.123958 0.202778