0 0.210938 0.173148 0.114583 0.107407
0 0.342708 0.163889 0.117708 0.146296
0 0.229167 0.295833 0.115625 0.200926
0 0.182031 0.414815 0.080729 0.072222
0 0.183073 0.467130 0.130729 0.071296
0 0.117448 0.567593 0.066146 0.181481
0 0.059375 0.558333 0.031250 0.138889
0 0.074219 0.587500 0.032813 0.152778
0 0.079427 0.740741 0.043229 0.142593
0 0.120833 0.818056 0.063542 0.075000
0 0.198177 0.839352 0.105729 0.102778
0 0.316406 0.869444 0.143229 0.100000
0 0.472396 0.886111 0.164583 0.135185
0 0.601042 0.783333 0.115625 0.225926
0 0.654687 0.785648 0.092708 0.230556
0 0.738021 0.483333 0.103125 0.203704
0 0.699479 0.362500 0.153125 0.104630
0 0.839583 0.650926 0.122917 0.118519
0 0.924479 0.546759 0.064583 0.067593
0 0.885677 0.411574 0.080729 0.106481
0 0.919792 0.447222 0.047917 0.166667
0 0.903385 0.314815 0.049479 0.122222
0 0.881771 0.196296 0.038542 0.111111
0 0.847656 0.150463 0.061979 0.117593
0 0.718750 0.162500 0.148958 0.128704
0 0.668229 0.065741 0.115625 0.092593
0 0.752604 0.100000 0.046875 0.070370
0 0.788021 0.131481 0.044792 0.151852