0 0.311523 0.184570 0.136719 0.093099
0 0.279785 0.283854 0.112305 0.101562
0 0.111816 0.299479 0.067383 0.154948
0 0.068115 0.257812 0.062988 0.079427
0 0.054932 0.355469 0.052246 0.126302
0 0.062012 0.549805 0.040039 0.171224
0 0.139160 0.562174 0.059570 0.193359
0 0.114502 0.612630 0.072754 0.174479
0 0.081543 0.734375 0.049805 0.145833
0 0.120117 0.830404 0.099609 0.072266
0 0.231689 0.833333 0.124512 0.127604
0 0.367920 0.878581 0.157715 0.078776
0 0.446777 0.797852 0.087891 0.193359
0 0.357422 0.727539 0.128906 0.163411
0 0.406006 0.572266 0.203613 0.162760
0 0.576172 0.845052 0.145508 0.204427
0 0.645752 0.804036 0.134277 0.126302
0 0.622803 0.875977 0.120605 0.061849
0 0.770264 0.646159 0.084473 0.193359
0 0.892334 0.643229 0.109863 0.110677
0 0.926025 0.532227 0.059082 0.111328
0 0.918945 0.402344 0.097656 0.095052
0 0.865234 0.145182 0.067383 0.102865
0 0.791504 0.101888 0.081055 0.089193
0 0.727783 0.107096 0.127441 0.089193
0 0.703857 0.196289 0.115723 0.102214
0 0.756592 0.214518 0.093262 0.141276
0 0.569824 0.082682 0.149414 0.075521