0 0.280990 0.331019 0.141146 0.108333
0 0.278385 0.199074 0.108854 0.166667
0 0.213542 0.187963 0.097917 0.109259
0 0.182292 0.275463 0.078125 0.097222
0 0.124219 0.389352 0.090104 0.071296
0 0.069271 0.322222 0.083333 0.068519
0 0.070573 0.436574 0.053646 0.080556
0 0.064844 0.593519 0.035937 0.153704
0 0.247656 0.556481 0.128646 0.153704
0 0.323177 0.652315 0.088021 0.252778
0 0.061979 0.697222 0.052083 0.111111
0 0.076563 0.760185 0.064583 0.100000
0 0.118490 0.808333 0.077604 0.088889
0 0.315365 0.843519 0.171354 0.148148
0 0.249219 0.886111 0.080729 0.144444
0 0.456510 0.905093 0.179688 0.187963
0 0.640104 0.809722 0.114583 0.145370
0 0.580469 0.377778 0.155729 0.227778
0 0.450000 0.090741 0.125000 0.087037
0 0.594531 0.087500 0.145313 0.067593
0 0.706250 0.733333 0.092708 0.198148
0 0.823177 0.673611 0.116146 0.149074
0 0.873437 0.577778 0.091667 0.148148
0 0.910156 0.617593 0.059896 0.168519
0 0.925521 0.507870 0.090625 0.171296
0 0.926823 0.404167 0.031771 0.052778
0 0.889583 0.256019 0.058333 0.175000
0 0.075781 0.259722 0.067187 0.065741