0 0.151302 0.867593 0.059896 0.192593
0 0.201563 0.902778 0.065625 0.179630
0 0.272396 0.904630 0.112500 0.170370
0 0.362240 0.775000 0.090104 0.275926
0 0.508333 0.941667 0.144792 0.103704
0 0.547656 0.908796 0.130729 0.139815
0 0.707552 0.837963 0.071354 0.090741
0 0.757031 0.789815 0.048438 0.105556
0 0.717448 0.764352 0.073438 0.095370
0 0.726562 0.669444 0.057292 0.187037
0 0.775521 0.742130 0.039583 0.113889
0 0.784375 0.676389 0.033333 0.137963
0 0.777344 0.553241 0.044271 0.139815
0 0.779687 0.443519 0.037500 0.112963
0 0.744531 0.406944 0.050521 0.136111
0 0.780208 0.331944 0.035417 0.126852
0 0.684896 0.257870 0.087500 0.091667
0 0.672656 0.195833 0.077604 0.095370
0 0.591667 0.178704 0.105208 0.129630
0 0.542448 0.147222 0.113021 0.120370
0 0.617448 0.468981 0.105729 0.110185
0 0.505469 0.438426 0.129688 0.237963
0 0.430208 0.079167 0.143750 0.117593
0 0.365885 0.127778 0.089063 0.168519
0 0.292969 0.204630 0.150521 0.205556
0 0.205990 0.105093 0.093229 0.167593
0 0.168750 0.465741 0.060417 0.283333