0 0.348698 0.181019 0.058854 0.187963
0 0.271354 0.142593 0.101042 0.122222
0 0.202083 0.198611 0.044792 0.178704
0 0.215625 0.409259 0.053125 0.218519
0 0.251823 0.379630 0.059896 0.218519
0 0.281771 0.531481 0.102083 0.085185
0 0.230990 0.614815 0.099479 0.088889
0 0.236458 0.830093 0.075000 0.162037
0 0.273958 0.706944 0.102083 0.139815
0 0.374219 0.747685 0.129688 0.228704
0 0.378646 0.661574 0.103125 0.191667
0 0.532552 0.062037 0.164062 0.098148
0 0.470833 0.652778 0.098958 0.248148
0 0.523958 0.810648 0.160417 0.110185
0 0.482031 0.851852 0.133854 0.083333
0 0.484635 0.906944 0.126562 0.075000
0 0.508594 0.936574 0.133854 0.075000
0 0.824740 0.725000 0.044271 0.127778
0 0.264583 0.227778 0.117708 0.125926