0 0.341406 0.763889 0.126562 0.257407
0 0.497135 0.540278 0.127604 0.236111
0 0.165885 0.905556 0.085938 0.142593
0 0.156250 0.811574 0.050000 0.197222
0 0.478906 0.897685 0.173437 0.158333
0 0.584115 0.670370 0.075521 0.246296
0 0.630729 0.875463 0.097917 0.145370
0 0.528385 0.916667 0.154688 0.146296
0 0.706250 0.849537 0.067708 0.086111
0 0.586719 0.464815 0.070312 0.188889
0 0.623177 0.515278 0.056771 0.215741
0 0.634635 0.377778 0.093229 0.133333
0 0.290885 0.186111 0.136979 0.151852
0 0.229427 0.179630 0.088021 0.229630
0 0.167969 0.171759 0.055729 0.225000
0 0.425781 0.086111 0.157812 0.087037
0 0.542448 0.135185 0.107813 0.090741
0 0.590885 0.164815 0.111979 0.098148
0 0.727604 0.263889 0.065625 0.144444
0 0.743750 0.411111 0.046875 0.155556
0 0.754948 0.293981 0.048438 0.071296
0 0.777083 0.330556 0.031250 0.131481
0 0.779167 0.456019 0.034375 0.132407
0 0.779427 0.566667 0.039062 0.146296
0 0.781510 0.687963 0.039062 0.109259
0 0.755469 0.775926 0.041146 0.127778
0 0.776302 0.780556 0.032813 0.088889