0 0.779167 0.255556 0.034375 0.159259
0 0.210677 0.181481 0.067187 0.183333
0 0.227344 0.363426 0.070312 0.204630
0 0.223177 0.561111 0.068229 0.238889
0 0.219010 0.828241 0.047396 0.202778
0 0.276823 0.824074 0.081771 0.220370
0 0.570573 0.905556 0.146354 0.098148
0 0.557031 0.815278 0.084896 0.176852
0 0.589323 0.665278 0.121354 0.167593
0 0.629167 0.729167 0.113542 0.110185
0 0.630469 0.813426 0.085938 0.084259
0 0.670312 0.877315 0.105208 0.062037
0 0.735677 0.797685 0.064062 0.141667
0 0.672135 0.656019 0.086979 0.171296
0 0.799740 0.711574 0.044271 0.119444
0 0.796354 0.780093 0.051042 0.062037
0 0.826562 0.700926 0.023958 0.125926
0 0.839844 0.731944 0.028646 0.052778
0 0.846615 0.650926 0.017188 0.111111