0 0.498958 0.544907 0.139583 0.258333
0 0.340104 0.761574 0.123958 0.262037
0 0.380208 0.893519 0.180208 0.187037
0 0.170573 0.902778 0.085938 0.150000
0 0.153906 0.807407 0.050521 0.200000
0 0.482031 0.909259 0.170313 0.131481
0 0.540365 0.933333 0.150521 0.116667
0 0.635156 0.891667 0.095312 0.120370
0 0.623958 0.808796 0.117708 0.100926
0 0.586979 0.660185 0.086458 0.259259
0 0.692448 0.486111 0.050521 0.185185
0 0.613802 0.508333 0.074479 0.216667
0 0.285677 0.189815 0.161979 0.162963
0 0.154688 0.403241 0.059375 0.267593
0 0.168490 0.171759 0.064062 0.226852
0 0.522135 0.128704 0.125521 0.114815
0 0.603125 0.181481 0.097917 0.129630
0 0.727865 0.268981 0.048438 0.132407
0 0.776823 0.297685 0.048438 0.126852
0 0.753125 0.400926 0.041667 0.157407
0 0.778906 0.350463 0.035937 0.100926
0 0.781510 0.454630 0.038021 0.133333
0 0.776302 0.564352 0.044271 0.145370
0 0.781771 0.684259 0.041667 0.107407
0 0.729948 0.843981 0.066146 0.084259
0 0.756250 0.764352 0.044792 0.121296
0 0.772396 0.777315 0.039583 0.095370