0 0.167448 0.470833 0.059896 0.271296
0 0.171354 0.748611 0.102083 0.189815
0 0.143229 0.888426 0.067708 0.178704
0 0.266667 0.918981 0.106250 0.160185
0 0.360938 0.774074 0.091667 0.264815
0 0.513021 0.935185 0.178125 0.112963
0 0.709896 0.832407 0.062500 0.103704
0 0.738281 0.781944 0.058854 0.113889
0 0.769792 0.774074 0.033333 0.118519
0 0.776042 0.735648 0.034375 0.121296
0 0.782552 0.677315 0.035937 0.126852
0 0.779427 0.557870 0.031771 0.139815
0 0.778646 0.441667 0.029167 0.114815
0 0.780469 0.325000 0.034896 0.131481
0 0.746875 0.265741 0.048958 0.150000
0 0.721615 0.300463 0.061979 0.160185
0 0.744531 0.408333 0.061979 0.137037
0 0.617188 0.470370 0.107292 0.109259
0 0.505469 0.433796 0.124479 0.230556
0 0.685677 0.243981 0.091146 0.115741
0 0.666927 0.192593 0.082812 0.109259
0 0.587760 0.186111 0.110937 0.146296
0 0.548438 0.150000 0.107292 0.133333
0 0.469271 0.142130 0.076042 0.182407
0 0.410677 0.101852 0.125521 0.190741
0 0.295833 0.207407 0.152083 0.207407
0 0.247396 0.093981 0.054167 0.134259