0 0.557292 0.109722 0.119792 0.097222
0 0.304167 0.901852 0.145833 0.107407
0 0.238021 0.835185 0.092708 0.125926
0 0.197656 0.925000 0.115104 0.079630
0 0.189844 0.838889 0.097396 0.124074
0 0.176563 0.797222 0.065625 0.118519
0 0.158073 0.726389 0.035937 0.195370
0 0.203906 0.698148 0.072396 0.162963
0 0.257031 0.620370 0.101562 0.187037
0 0.230990 0.613889 0.102604 0.337037
0 0.169010 0.541667 0.046354 0.229630
0 0.180469 0.346759 0.054688 0.206481
0 0.176823 0.169444 0.069271 0.150000
0 0.211979 0.094444 0.109375 0.087037
0 0.429427 0.084259 0.139063 0.112963
0 0.562760 0.287963 0.070312 0.198148
0 0.588802 0.491204 0.091146 0.115741
0 0.675521 0.437963 0.083333 0.085185
0 0.796094 0.309259 0.022396 0.112963