0 0.178646 0.165278 0.061458 0.149074
0 0.208854 0.088889 0.114583 0.066667
0 0.180208 0.338426 0.057292 0.195370
0 0.428906 0.087500 0.140104 0.125000
0 0.551562 0.109259 0.108333 0.090741
0 0.616146 0.132870 0.078125 0.075000
0 0.797656 0.312963 0.024479 0.112963
0 0.591406 0.912500 0.108854 0.087963
0 0.407031 0.912037 0.078646 0.161111
0 0.566146 0.420370 0.051042 0.205556
0 0.517708 0.343056 0.112500 0.125000
0 0.300781 0.894907 0.147396 0.099074
0 0.192448 0.914352 0.114062 0.087963
0 0.217188 0.857870 0.090625 0.087963
0 0.204427 0.822222 0.110937 0.112963
0 0.250781 0.633333 0.108854 0.222222
0 0.231510 0.689352 0.107813 0.199074
0 0.180469 0.797685 0.077604 0.158333
0 0.166927 0.718519 0.055729 0.194444
0 0.178906 0.552778 0.059896 0.240741