0 0.202865 0.187963 0.045312 0.174074
0 0.213281 0.416204 0.055729 0.200926
0 0.212760 0.657870 0.039062 0.199074
0 0.253646 0.584722 0.091667 0.136111
0 0.283854 0.832407 0.121875 0.118519
0 0.268490 0.896296 0.117188 0.081481
0 0.370833 0.845833 0.069792 0.208333
0 0.497396 0.927778 0.136458 0.092593
0 0.614323 0.901852 0.117188 0.088889
0 0.844010 0.706481 0.033854 0.088889
0 0.822135 0.743519 0.049479 0.074074
0 0.860417 0.692593 0.021875 0.100000
0 0.410417 0.537500 0.060417 0.262037
0 0.367188 0.548611 0.051042 0.271296
0 0.329427 0.562037 0.059896 0.240741
0 0.300000 0.470370 0.087500 0.246296
0 0.358333 0.154167 0.070833 0.197222
0 0.428646 0.115278 0.089583 0.173148
0 0.554427 0.068056 0.144271 0.078704