0 0.443490 0.109259 0.146354 0.064815
0 0.434115 0.201852 0.066146 0.203704
0 0.527604 0.175463 0.136458 0.099074
0 0.541406 0.249074 0.125521 0.133333
0 0.567448 0.110185 0.121354 0.083333
0 0.667188 0.156019 0.082292 0.110185
0 0.702344 0.281481 0.077604 0.094444
0 0.810677 0.239815 0.051562 0.059259
0 0.764844 0.199074 0.054688 0.064815
0 0.833073 0.751389 0.038021 0.100926
0 0.792969 0.772685 0.043229 0.125000
0 0.768750 0.820370 0.063542 0.146296
0 0.640625 0.938426 0.094792 0.117593
0 0.543229 0.912037 0.135417 0.092593
0 0.483073 0.978704 0.116146 0.040741
0 0.253906 0.925000 0.105729 0.148148
0 0.206771 0.864352 0.090625 0.186111
0 0.194271 0.633333 0.057292 0.231481
0 0.194792 0.432407 0.057292 0.233333
0 0.234115 0.356944 0.075521 0.249074
0 0.179688 0.228241 0.040625 0.178704