0 0.110677 0.277315 0.028646 0.217593
0 0.129688 0.122222 0.077083 0.153704
0 0.128125 0.511111 0.071875 0.244444
0 0.121875 0.697222 0.069792 0.211111
0 0.139844 0.242593 0.043229 0.237037
0 0.169792 0.212500 0.035417 0.202778
0 0.188021 0.296296 0.072917 0.240741
0 0.249740 0.311111 0.123438 0.200000
0 0.233854 0.147685 0.115625 0.154630
0 0.307031 0.170370 0.134896 0.105556
0 0.290885 0.115741 0.129688 0.074074
0 0.284115 0.080556 0.143229 0.094444
0 0.484375 0.347222 0.104167 0.140741
0 0.586719 0.160185 0.091146 0.109259
0 0.472917 0.100000 0.110417 0.074074
0 0.363021 0.079167 0.135417 0.110185
0 0.472135 0.430093 0.121354 0.139815
0 0.484896 0.519907 0.127083 0.134259
0 0.521094 0.594907 0.070312 0.189815
0 0.718490 0.271296 0.054688 0.075926
0 0.729688 0.327315 0.030208 0.095370
0 0.469792 0.910648 0.134375 0.110185
0 0.336719 0.934722 0.134896 0.106481