0 0.335677 0.091204 0.151562 0.082407
0 0.266406 0.114815 0.130729 0.094444
0 0.261979 0.163889 0.121875 0.094444
0 0.218750 0.201852 0.088542 0.094444
0 0.200000 0.311111 0.053125 0.218519
0 0.406510 0.271759 0.131771 0.156481
0 0.304688 0.280556 0.085417 0.177778
0 0.273698 0.304630 0.078646 0.185185
0 0.235937 0.315278 0.071875 0.199074
0 0.384375 0.356481 0.160417 0.151852
0 0.345573 0.506019 0.145313 0.219444
0 0.231771 0.491204 0.070833 0.197222
0 0.317188 0.545833 0.106250 0.206481
0 0.297917 0.604630 0.096875 0.198148
0 0.241406 0.630556 0.092188 0.124074
0 0.215365 0.771296 0.066146 0.185185
0 0.231250 0.711111 0.067708 0.194444
0 0.285677 0.750000 0.096354 0.155556
0 0.499740 0.921759 0.147396 0.128704