0 0.684115 0.231019 0.059896 0.063889
0 0.732031 0.314815 0.022396 0.100000
0 0.718229 0.297685 0.026042 0.113889
0 0.698958 0.290741 0.033333 0.096296
0 0.566927 0.140741 0.082812 0.098148
0 0.342708 0.062500 0.139583 0.078704
0 0.465625 0.095370 0.127083 0.103704
0 0.110417 0.170370 0.035417 0.200000
0 0.132292 0.174074 0.045833 0.194444
0 0.134896 0.363889 0.061458 0.277778
0 0.529427 0.603241 0.094271 0.199074
0 0.395573 0.607407 0.147396 0.142593
0 0.433333 0.690278 0.143750 0.141667
0 0.697917 0.773611 0.052083 0.106481
0 0.717708 0.784259 0.029167 0.087037
0 0.530208 0.876852 0.100000 0.116667
0 0.381250 0.873611 0.153125 0.147222
0 0.437500 0.923148 0.141667 0.125926
0 0.295312 0.939352 0.122917 0.112037
0 0.182552 0.926852 0.049479 0.138889
0 0.116146 0.733333 0.053125 0.248148
0 0.102865 0.905093 0.050521 0.128704
0 0.134375 0.923611 0.068750 0.119444