0 0.319792 0.581481 0.126042 0.137037
0 0.284115 0.632407 0.122396 0.196296
0 0.315365 0.801852 0.140104 0.096296
0 0.316146 0.877778 0.148958 0.114815
0 0.200000 0.828704 0.112500 0.137037
0 0.196615 0.926852 0.122396 0.083333
0 0.238021 0.858333 0.084375 0.087037
0 0.177865 0.796296 0.080729 0.150000
0 0.155469 0.732870 0.048438 0.200926
0 0.166146 0.544444 0.065625 0.238889
0 0.188802 0.600000 0.051562 0.225926
0 0.204948 0.617130 0.045312 0.226852
0 0.181510 0.346296 0.063021 0.211111
0 0.179948 0.168056 0.071354 0.156481
0 0.366927 0.933333 0.161979 0.120370
0 0.438802 0.962037 0.130729 0.068519
0 0.805208 0.751852 0.037500 0.092593
0 0.796354 0.309259 0.026042 0.116667
0 0.553385 0.110648 0.120313 0.099074
0 0.431250 0.086574 0.134375 0.130556