0 0.740365 0.743981 0.061979 0.078704
0 0.596875 0.836574 0.095833 0.126852
0 0.488281 0.897685 0.139063 0.104630
0 0.405208 0.619907 0.067708 0.260185
0 0.204167 0.819444 0.040625 0.174074
0 0.320052 0.530093 0.081771 0.287963
0 0.212500 0.680093 0.076042 0.145370
0 0.200260 0.544907 0.076563 0.230556
0 0.313281 0.315741 0.094271 0.133333
0 0.284115 0.535185 0.069271 0.242593
0 0.203906 0.489815 0.050521 0.238889
0 0.265104 0.312963 0.090625 0.261111
0 0.213542 0.285185 0.039583 0.205556
0 0.187760 0.239352 0.066146 0.176852
0 0.197396 0.133333 0.098958 0.096296
0 0.199219 0.086574 0.086979 0.069444
0 0.697656 0.117130 0.078646 0.084259
0 0.555990 0.056481 0.134896 0.090741
0 0.807813 0.172222 0.052083 0.085185