0 0.210938 0.202778 0.075000 0.207407
0 0.211979 0.493056 0.068750 0.236111
0 0.214844 0.704167 0.056771 0.200926
0 0.308073 0.696296 0.133854 0.188889
0 0.228125 0.837037 0.065625 0.174074
0 0.341146 0.800000 0.156250 0.159259
0 0.324479 0.888426 0.162500 0.097222
0 0.363281 0.939352 0.171354 0.097222
0 0.694792 0.571759 0.118750 0.082407
0 0.685677 0.631481 0.127604 0.090741
0 0.794792 0.667593 0.053125 0.140741
0 0.755208 0.101852 0.104167 0.088889
0 0.810417 0.278704 0.051042 0.118519
0 0.852604 0.405093 0.037500 0.137963
0 0.827344 0.448611 0.044271 0.112037
0 0.855469 0.669444 0.041146 0.127778
0 0.832552 0.714815 0.044271 0.100000
0 0.824219 0.751389 0.043229 0.086111
0 0.805990 0.791667 0.066146 0.064815