0 0.180208 0.745370 0.083333 0.251852
0 0.500000 0.778241 0.156250 0.149074
0 0.432292 0.949537 0.171875 0.093519
0 0.505729 0.921296 0.179167 0.131481
0 0.718229 0.252315 0.078125 0.141667
0 0.773698 0.301389 0.045312 0.089815
0 0.786719 0.361111 0.033854 0.125926
0 0.757812 0.456944 0.040625 0.149074
0 0.772656 0.581481 0.035937 0.087037
0 0.784896 0.482870 0.022917 0.128704
0 0.780990 0.668519 0.041146 0.107407
0 0.177604 0.190741 0.064583 0.212963
0 0.278646 0.455556 0.123958 0.248148
0 0.326302 0.427778 0.101562 0.244444
0 0.373698 0.375926 0.153646 0.220370
0 0.195052 0.214815 0.043229 0.216667
0 0.257031 0.246296 0.114062 0.211111
0 0.286458 0.231481 0.056250 0.201852
0 0.268229 0.105556 0.113542 0.122222
0 0.336979 0.160185 0.061458 0.211111
0 0.417448 0.323148 0.171354 0.205556
0 0.410156 0.206019 0.132812 0.210185
0 0.430208 0.098611 0.132292 0.121296
0 0.451823 0.213889 0.113021 0.209259
0 0.536719 0.221759 0.118229 0.147222
0 0.551042 0.123611 0.123958 0.087963