0 0.174219 0.154630 0.049479 0.162963
0 0.175260 0.391204 0.049479 0.208333
0 0.197656 0.516667 0.076563 0.259259
0 0.160417 0.558333 0.039583 0.203704
0 0.187500 0.668519 0.070833 0.196296
0 0.154688 0.792593 0.037500 0.192593
0 0.211198 0.733333 0.093229 0.187037
0 0.202865 0.851389 0.109896 0.156481
0 0.233854 0.899537 0.097917 0.104630
0 0.658333 0.887500 0.103125 0.097222
0 0.526302 0.699074 0.054688 0.166667
0 0.481771 0.416667 0.089583 0.216667
0 0.526042 0.460648 0.052083 0.250926
0 0.564323 0.494444 0.044271 0.205556
0 0.583073 0.456944 0.083854 0.212037
0 0.773177 0.409722 0.053646 0.054630
0 0.799219 0.300000 0.026562 0.105556
0 0.688281 0.155093 0.089063 0.110185
0 0.749219 0.218056 0.066146 0.054630
0 0.431510 0.045370 0.170313 0.090741