0 0.287500 0.185648 0.155208 0.158333
0 0.230729 0.307407 0.112500 0.264815
0 0.158854 0.348611 0.061458 0.286111
0 0.163281 0.619444 0.044271 0.214815
0 0.155208 0.811574 0.050000 0.182407
0 0.170052 0.918519 0.095312 0.120370
0 0.340104 0.766204 0.126042 0.256481
0 0.473438 0.897222 0.177083 0.168519
0 0.414062 0.097222 0.141667 0.088889
0 0.543750 0.153704 0.110417 0.122222
0 0.591406 0.164815 0.105729 0.096296
0 0.724740 0.284259 0.053646 0.107407
0 0.636719 0.385648 0.092188 0.099074
0 0.741927 0.412037 0.048438 0.157407
0 0.777604 0.336111 0.030208 0.138889
0 0.785937 0.445370 0.034375 0.131481
0 0.779167 0.571759 0.036458 0.158333
0 0.779427 0.681019 0.032813 0.123148
0 0.758073 0.783796 0.032813 0.132407
0 0.777604 0.775926 0.023958 0.077778
0 0.709115 0.822222 0.068229 0.127778
0 0.628906 0.878704 0.101562 0.144444
0 0.525521 0.926852 0.147917 0.127778
0 0.608854 0.695370 0.088542 0.224074
0 0.574219 0.510185 0.076563 0.227778
0 0.617969 0.512500 0.060937 0.193519