0 0.164844 0.480556 0.061979 0.335185
0 0.179427 0.710648 0.074479 0.278704
0 0.175781 0.892593 0.103646 0.151852
0 0.222917 0.912963 0.069792 0.166667
0 0.304948 0.949074 0.157812 0.100000
0 0.307031 0.898611 0.116146 0.102778
0 0.347656 0.753704 0.109896 0.262963
0 0.501042 0.942130 0.162500 0.102778
0 0.610156 0.902315 0.116146 0.123148
0 0.694010 0.818056 0.088021 0.113889
0 0.770312 0.782870 0.052083 0.100926
0 0.717448 0.761111 0.059896 0.100000
0 0.622396 0.699537 0.116667 0.175000
0 0.653125 0.629630 0.101042 0.179630
0 0.717187 0.664815 0.064583 0.098148
0 0.718490 0.607407 0.065104 0.112963
0 0.616667 0.504167 0.097917 0.202778
0 0.628385 0.393981 0.130729 0.121296
0 0.780208 0.671296 0.035417 0.127778
0 0.760677 0.581019 0.033854 0.141667
0 0.771875 0.527315 0.048958 0.119444
0 0.777344 0.426389 0.046354 0.093519
0 0.777344 0.295833 0.029687 0.100926
0 0.691927 0.221296 0.086979 0.116667
0 0.605208 0.166667 0.113542 0.096296
0 0.548958 0.148611 0.116667 0.117593
0 0.399479 0.116204 0.159375 0.156481