0 0.577604 0.065278 0.145833 0.076852
0 0.458594 0.046296 0.127604 0.092593
0 0.209375 0.206944 0.061458 0.204630
0 0.222135 0.445833 0.063021 0.219444
0 0.220833 0.666667 0.053125 0.224074
0 0.240625 0.892130 0.071875 0.132407
0 0.397135 0.926852 0.149479 0.133333
0 0.541406 0.919444 0.158854 0.096296
0 0.617969 0.791204 0.072396 0.167593
0 0.728906 0.777778 0.056771 0.164815
0 0.765885 0.822222 0.052604 0.092593
0 0.815104 0.761574 0.051042 0.069444
0 0.849740 0.689352 0.042188 0.091667
0 0.491146 0.637500 0.158333 0.128704
0 0.509635 0.483796 0.125521 0.215741
0 0.555990 0.546296 0.125521 0.137037
0 0.655990 0.900926 0.097396 0.101852
0 0.838802 0.212500 0.043229 0.102778
0 0.545052 0.836111 0.127604 0.157407