0 0.181510 0.222222 0.063021 0.187037
0 0.178906 0.384259 0.055729 0.183333
0 0.171094 0.709259 0.046354 0.246296
0 0.191146 0.882407 0.082292 0.112963
0 0.179427 0.922685 0.076563 0.110185
0 0.328385 0.915741 0.126562 0.135185
0 0.419792 0.966667 0.144792 0.064815
0 0.708854 0.853241 0.067708 0.080556
0 0.773177 0.775926 0.045312 0.135185
0 0.800521 0.733333 0.021875 0.118519
0 0.797135 0.303241 0.022396 0.128704
0 0.745573 0.187963 0.058854 0.083333
0 0.553906 0.101389 0.123438 0.075000
0 0.593229 0.225463 0.044792 0.176852
0 0.553385 0.200926 0.064062 0.162963
0 0.451562 0.076389 0.135417 0.073148
0 0.471875 0.205093 0.058333 0.199074
0 0.414062 0.187037 0.087500 0.148148
0 0.395573 0.271759 0.149479 0.143519
0 0.468490 0.354630 0.133854 0.116667