0 0.525260 0.073148 0.094271 0.146296
0 0.374479 0.057407 0.144792 0.114815
0 0.164323 0.151852 0.066146 0.183333
0 0.202344 0.317593 0.095312 0.185185
0 0.175000 0.413426 0.065625 0.213889
0 0.221354 0.507870 0.101042 0.237963
0 0.330208 0.361111 0.116667 0.192593
0 0.346615 0.458333 0.147396 0.124074
0 0.438281 0.585648 0.097396 0.236111
0 0.364844 0.583333 0.110937 0.187037
0 0.294010 0.568981 0.134896 0.115741
0 0.205990 0.772685 0.096354 0.197222
0 0.219792 0.718519 0.041667 0.214815
0 0.269010 0.732870 0.098437 0.206481
0 0.324479 0.869444 0.150000 0.118519
0 0.464844 0.879167 0.148438 0.137963
0 0.487500 0.796759 0.087500 0.204630
0 0.606510 0.772685 0.077604 0.204630
0 0.740625 0.565278 0.072917 0.175000
0 0.572396 0.043519 0.088542 0.087037