0 0.779167 0.165741 0.042708 0.109259
0 0.583594 0.838889 0.085938 0.135185
0 0.473698 0.881944 0.140104 0.106481
0 0.208854 0.099537 0.108333 0.125000
0 0.228646 0.148148 0.108333 0.142593
0 0.279687 0.236111 0.073958 0.207407
0 0.352344 0.230093 0.107813 0.208333
0 0.431250 0.331944 0.135417 0.193519
0 0.384896 0.392593 0.173958 0.198148
0 0.373177 0.450463 0.131771 0.202778
0 0.351562 0.466667 0.138542 0.170370
0 0.371875 0.574074 0.146875 0.125926
0 0.374479 0.633333 0.141667 0.094444
0 0.388281 0.712500 0.132812 0.125000
0 0.189583 0.440741 0.044792 0.240741
0 0.229687 0.426852 0.066667 0.250000
0 0.263021 0.534722 0.068750 0.223148
0 0.282031 0.494907 0.053646 0.241667
0 0.226302 0.620370 0.092188 0.198148
0 0.217708 0.723611 0.088542 0.202778