0 0.334375 0.091204 0.158333 0.086111
0 0.264062 0.114352 0.115625 0.112037
0 0.263021 0.162037 0.115625 0.098148
0 0.226562 0.210648 0.086458 0.119444
0 0.303385 0.292130 0.090104 0.200926
0 0.406250 0.268519 0.139583 0.153704
0 0.390104 0.365278 0.156250 0.134259
0 0.210417 0.324074 0.052083 0.224074
0 0.247656 0.331481 0.075521 0.188889
0 0.356250 0.510185 0.153125 0.238889
0 0.321875 0.535648 0.123958 0.250926
0 0.227083 0.484722 0.063542 0.202778
0 0.297917 0.589815 0.103125 0.220370
0 0.253646 0.616204 0.085417 0.136111
0 0.286458 0.743519 0.102083 0.168519
0 0.226823 0.694444 0.078646 0.240741
0 0.217969 0.773148 0.058854 0.192593
0 0.495312 0.921759 0.136458 0.132407
0 0.610417 0.898148 0.125000 0.092593