0 0.173437 0.186574 0.063542 0.221296
0 0.204427 0.198148 0.064062 0.244444
0 0.253646 0.254167 0.101042 0.212037
0 0.269531 0.104167 0.129688 0.128704
0 0.335417 0.170833 0.069792 0.225000
0 0.431510 0.097685 0.133854 0.132407
0 0.412240 0.209259 0.124479 0.218519
0 0.448437 0.205093 0.109375 0.225000
0 0.533333 0.221759 0.119792 0.163889
0 0.550521 0.123148 0.125000 0.098148
0 0.638802 0.223611 0.110937 0.137963
0 0.417969 0.318056 0.163021 0.226852
0 0.375521 0.377778 0.157292 0.231481
0 0.323698 0.421759 0.099479 0.286111
0 0.280469 0.443519 0.148438 0.290741
0 0.188021 0.498148 0.069792 0.255556
0 0.171875 0.744444 0.078125 0.262963
0 0.426563 0.949537 0.176042 0.095370
0 0.501563 0.916204 0.166667 0.125000
0 0.565625 0.877778 0.119792 0.127778
0 0.507812 0.777778 0.186458 0.155556
0 0.766406 0.306019 0.047396 0.097222
0 0.773438 0.352778 0.047917 0.118519
0 0.776302 0.468519 0.044271 0.135185
0 0.779687 0.562037 0.037500 0.146296
0 0.781771 0.668981 0.048958 0.125000