0 0.151042 0.125000 0.048958 0.164815
0 0.190625 0.101389 0.081250 0.147222
0 0.228906 0.164815 0.126562 0.166667
0 0.292187 0.205556 0.145833 0.198148
0 0.354687 0.062500 0.160417 0.123148
0 0.543490 0.148148 0.121354 0.124074
0 0.589063 0.186574 0.106250 0.139815
0 0.665625 0.198148 0.081250 0.116667
0 0.717969 0.225000 0.080729 0.072222
0 0.738542 0.263889 0.065625 0.101852
0 0.781250 0.334722 0.035417 0.125000
0 0.776563 0.434259 0.028125 0.116667
0 0.779687 0.553241 0.036458 0.147222
0 0.742188 0.408796 0.056250 0.139815
0 0.783073 0.681019 0.030729 0.137963
0 0.776302 0.742130 0.034896 0.125000
0 0.767448 0.783333 0.040104 0.127778
0 0.736198 0.756944 0.061979 0.187963
0 0.711979 0.840278 0.085417 0.119444
0 0.620573 0.495370 0.090104 0.222222
0 0.521354 0.422222 0.139583 0.201852
0 0.340625 0.765741 0.116667 0.266667
0 0.514062 0.934722 0.172917 0.115741
0 0.403385 0.936574 0.152604 0.125000
0 0.278385 0.933796 0.127604 0.130556
0 0.166667 0.882407 0.104167 0.170370
0 0.167708 0.478241 0.067708 0.275000