0 0.344531 0.090741 0.107813 0.140741
0 0.547396 0.093981 0.118750 0.132407
0 0.573958 0.162037 0.123958 0.148148
0 0.507031 0.460185 0.146354 0.118519
0 0.546354 0.544907 0.144792 0.143519
0 0.526563 0.641204 0.120833 0.158333
0 0.636719 0.811574 0.078646 0.158333
0 0.654948 0.904167 0.094271 0.095370
0 0.570833 0.792130 0.073958 0.149074
0 0.546354 0.821296 0.097917 0.168519
0 0.539062 0.917593 0.140625 0.101852
0 0.258854 0.898611 0.081250 0.128704
0 0.219271 0.818519 0.057292 0.192593
0 0.219010 0.451852 0.057813 0.233333
0 0.204427 0.205093 0.051562 0.202778
0 0.232292 0.115741 0.082292 0.112963
0 0.848698 0.216204 0.032813 0.097222
0 0.852344 0.658333 0.038021 0.098148
0 0.820833 0.723611 0.038542 0.139815