0 0.567708 0.150000 0.113542 0.157407
0 0.492708 0.069907 0.153125 0.095370
0 0.370052 0.112500 0.144271 0.134259
0 0.238802 0.118056 0.097396 0.132407
0 0.200260 0.205093 0.047396 0.202778
0 0.509635 0.485648 0.143229 0.173148
0 0.558854 0.525000 0.126042 0.101852
0 0.571615 0.604630 0.130729 0.118519
0 0.498437 0.718519 0.142708 0.127778
0 0.570573 0.798148 0.101562 0.175926
0 0.258073 0.899537 0.079687 0.130556
0 0.418229 0.915741 0.125000 0.142593
0 0.525260 0.937500 0.131771 0.073148
0 0.580990 0.899074 0.104688 0.075926
0 0.683073 0.879167 0.096354 0.097222
0 0.750260 0.820833 0.066146 0.087963
0 0.789844 0.787963 0.064062 0.055556
0 0.815885 0.722685 0.045312 0.058333
0 0.819271 0.769444 0.050000 0.044444