0 0.586719 0.587500 0.126562 0.117593
0 0.620833 0.825463 0.111458 0.093519
0 0.678906 0.620833 0.080729 0.169444
0 0.734115 0.642593 0.060937 0.083333
0 0.633333 0.895833 0.101042 0.099074
0 0.533333 0.945833 0.144792 0.104630
0 0.461198 0.891204 0.143229 0.200926
0 0.380469 0.770370 0.108854 0.235185
0 0.329167 0.921759 0.169792 0.117593
0 0.169531 0.866667 0.100521 0.175926
0 0.172917 0.806481 0.089583 0.203704
0 0.161979 0.498611 0.054167 0.247222
0 0.167448 0.169444 0.069271 0.238889
0 0.292708 0.210185 0.162500 0.151852
0 0.286719 0.102778 0.148438 0.118519
0 0.428646 0.083796 0.151042 0.126852
0 0.527344 0.148611 0.125521 0.099074
0 0.585938 0.119907 0.100000 0.115741
0 0.730208 0.262037 0.063542 0.159259
0 0.752344 0.401852 0.038021 0.161111
0 0.780990 0.327315 0.034896 0.139815
0 0.782031 0.454167 0.031771 0.126852
0 0.776823 0.564352 0.041146 0.150926
0 0.781510 0.679630 0.040104 0.120370
0 0.776302 0.780556 0.040104 0.090741
0 0.726823 0.796296 0.070312 0.146296
0 0.761198 0.774537 0.034896 0.125000