0 0.280729 0.338426 0.075000 0.249074
0 0.350000 0.400926 0.062500 0.266667
0 0.389323 0.431481 0.061979 0.290741
0 0.218490 0.495833 0.072396 0.199074
0 0.258073 0.509722 0.092188 0.219444
0 0.312500 0.461574 0.052083 0.260185
0 0.291406 0.639815 0.113021 0.172222
0 0.238802 0.620370 0.101562 0.072222
0 0.204167 0.716667 0.096875 0.140741
0 0.189323 0.898611 0.080729 0.154630
0 0.221094 0.820370 0.078646 0.198148
0 0.261719 0.811574 0.069271 0.204630
0 0.319271 0.853704 0.064583 0.203704
0 0.332031 0.762500 0.080729 0.200926
0 0.372396 0.747222 0.090625 0.242593
0 0.447917 0.751389 0.133333 0.112037
0 0.460677 0.600463 0.133854 0.113889
0 0.385677 0.627778 0.099479 0.222222
0 0.770833 0.807870 0.066667 0.071296
0 0.644010 0.350926 0.106771 0.107407
0 0.760417 0.227778 0.060417 0.096296