0 0.176823 0.177315 0.049479 0.171296
0 0.200260 0.092130 0.058854 0.137963
0 0.230208 0.087500 0.044792 0.141667
0 0.275260 0.083796 0.068229 0.149074
0 0.312240 0.087963 0.071354 0.146296
0 0.377083 0.127315 0.070833 0.184259
0 0.178646 0.384722 0.065625 0.225000
0 0.171875 0.598148 0.052083 0.224074
0 0.211198 0.605093 0.090104 0.132407
0 0.239323 0.801852 0.130729 0.101852
0 0.185417 0.903241 0.063542 0.132407
0 0.234896 0.909722 0.051042 0.165741
0 0.275260 0.930093 0.050521 0.137963
0 0.345833 0.915278 0.120833 0.167593
0 0.747656 0.813889 0.048438 0.053704
0 0.789844 0.351389 0.022396 0.117593
0 0.661458 0.143056 0.079167 0.089815
0 0.750781 0.215278 0.059896 0.045370
0 0.759896 0.242593 0.052083 0.059259
0 0.552865 0.069907 0.148438 0.087963