0 0.165625 0.497685 0.054167 0.258333
0 0.182552 0.734259 0.086979 0.248148
0 0.173437 0.897222 0.090625 0.109259
0 0.366667 0.923148 0.076042 0.151852
0 0.519792 0.912963 0.151042 0.103704
0 0.715625 0.825463 0.066667 0.165741
0 0.780469 0.668056 0.035937 0.117593
0 0.768750 0.302778 0.035417 0.090741
0 0.779687 0.361111 0.028125 0.107407
0 0.776042 0.476852 0.034375 0.146296
0 0.621875 0.158333 0.086458 0.094444
0 0.536719 0.238889 0.106771 0.187037
0 0.546615 0.122685 0.120313 0.097222
0 0.430208 0.094444 0.138542 0.112963
0 0.440365 0.204167 0.119271 0.219444
0 0.174740 0.137963 0.058854 0.175926
0 0.209115 0.112963 0.096354 0.137037
0 0.180729 0.281019 0.106250 0.143519
0 0.233333 0.285648 0.092708 0.193519
0 0.277604 0.227778 0.075000 0.212963
0 0.278646 0.451389 0.129167 0.280556
0 0.327865 0.412037 0.111979 0.272222
0 0.369271 0.365741 0.147917 0.222222
0 0.416406 0.321759 0.164062 0.187963
0 0.334635 0.170833 0.066146 0.212037
0 0.356250 0.142130 0.097917 0.193519