0 0.321875 0.320370 0.173958 0.153704
0 0.396094 0.607407 0.175521 0.174074
0 0.345833 0.771759 0.104167 0.243519
0 0.168750 0.454167 0.065625 0.286111
0 0.781250 0.681944 0.034375 0.117593
0 0.777344 0.296296 0.031771 0.090741
0 0.775521 0.425926 0.040625 0.088889
0 0.778646 0.516204 0.045833 0.093519
0 0.611979 0.476389 0.103125 0.139815
0 0.398698 0.890741 0.128646 0.216667
0 0.400000 0.114352 0.162500 0.145370
0 0.553906 0.152778 0.122396 0.120370
0 0.622396 0.215278 0.071875 0.160185
0 0.691146 0.186111 0.103125 0.094444
0 0.778385 0.571759 0.045312 0.130556
0 0.732812 0.562963 0.060417 0.172222
0 0.717969 0.622222 0.054688 0.142593
0 0.711719 0.681019 0.058854 0.158333
0 0.775000 0.786111 0.053125 0.098148
0 0.717969 0.781019 0.057813 0.113889
0 0.664062 0.735185 0.083333 0.194444
0 0.694792 0.821759 0.080208 0.095370
0 0.610677 0.878241 0.108854 0.123148
0 0.511198 0.934722 0.158854 0.117593
0 0.292708 0.918519 0.154167 0.137037
0 0.176563 0.686111 0.076042 0.281481
0 0.179948 0.915741 0.084896 0.124074