0 0.410938 0.055093 0.111458 0.100926
0 0.175000 0.165278 0.065625 0.182407
0 0.229687 0.157407 0.084375 0.100000
0 0.186198 0.371296 0.076563 0.192593
0 0.177604 0.548611 0.064583 0.239815
0 0.221354 0.566204 0.098958 0.137963
0 0.293490 0.497222 0.065104 0.240741
0 0.389844 0.520833 0.149479 0.126852
0 0.372135 0.390741 0.163021 0.150000
0 0.377604 0.328704 0.136458 0.148148
0 0.273438 0.721759 0.118750 0.082407
0 0.336719 0.926852 0.158854 0.125926
0 0.496615 0.945370 0.166146 0.088889
0 0.644271 0.900000 0.126042 0.112963
0 0.791406 0.778704 0.042188 0.066667
0 0.531771 0.088426 0.120833 0.084259
0 0.683073 0.167130 0.073438 0.087963
0 0.744792 0.211574 0.052083 0.110185
0 0.731771 0.272685 0.059375 0.134259
0 0.768490 0.242593 0.026562 0.124074