0 0.195052 0.137037 0.097396 0.118519
0 0.289583 0.186111 0.151042 0.146296
0 0.183073 0.292593 0.077604 0.194444
0 0.166667 0.498611 0.058333 0.249074
0 0.159115 0.713889 0.053646 0.277778
0 0.186719 0.918056 0.105729 0.128704
0 0.334896 0.774074 0.118750 0.261111
0 0.402344 0.911574 0.131771 0.175000
0 0.474219 0.909259 0.167187 0.138889
0 0.523958 0.934722 0.172917 0.128704
0 0.628906 0.899074 0.113021 0.109259
0 0.716146 0.841204 0.066667 0.104630
0 0.757031 0.772685 0.043229 0.112037
0 0.770833 0.780556 0.047917 0.107407
0 0.779948 0.676389 0.038021 0.130556
0 0.778646 0.564352 0.035417 0.150926
0 0.775260 0.457870 0.046354 0.089815
0 0.779687 0.330556 0.036458 0.131481
0 0.715885 0.239815 0.066146 0.150000
0 0.693229 0.384722 0.092708 0.108333
0 0.627344 0.505556 0.070312 0.242593
0 0.578125 0.718056 0.085417 0.262037
0 0.579688 0.488889 0.070833 0.209259
0 0.508333 0.428704 0.118750 0.246296
0 0.599479 0.278241 0.095833 0.195370
0 0.595313 0.174074 0.107292 0.112963
0 0.538281 0.145833 0.124479 0.139815