0 0.207031 0.197222 0.063021 0.209259
0 0.345573 0.100926 0.085938 0.174074
0 0.464844 0.047222 0.141146 0.064815
0 0.687500 0.101389 0.110417 0.075000
0 0.772917 0.103704 0.076042 0.090741
0 0.853646 0.244907 0.033333 0.126852
0 0.678385 0.347222 0.086979 0.222222
0 0.601562 0.527778 0.115625 0.083333
0 0.692187 0.569907 0.085417 0.184259
0 0.628125 0.675000 0.131250 0.157407
0 0.732552 0.607407 0.042188 0.188889
0 0.772135 0.596296 0.039062 0.125926
0 0.771615 0.516204 0.063021 0.102778
0 0.708333 0.816204 0.058333 0.182407
0 0.813542 0.754630 0.046875 0.057407
0 0.249219 0.609722 0.102604 0.206481
0 0.356250 0.905556 0.132292 0.164815
0 0.612500 0.904167 0.134375 0.097222
0 0.840625 0.711574 0.038542 0.117593