0 0.580729 0.074537 0.144792 0.102778
0 0.447656 0.060185 0.143229 0.077778
0 0.209635 0.209722 0.067187 0.200926
0 0.229687 0.452778 0.066667 0.224074
0 0.225000 0.656481 0.054167 0.207407
0 0.251302 0.633333 0.061979 0.212963
0 0.471354 0.523611 0.130208 0.189815
0 0.546354 0.509722 0.121875 0.193519
0 0.595052 0.548611 0.109896 0.234259
0 0.475260 0.659722 0.147396 0.143519
0 0.517188 0.639815 0.120833 0.133333
0 0.234375 0.837963 0.069792 0.168519
0 0.578125 0.822685 0.126042 0.106481
0 0.580208 0.868519 0.125000 0.092593
0 0.714844 0.857407 0.082812 0.098148
0 0.787760 0.777778 0.058854 0.122222
0 0.823958 0.747685 0.052083 0.102778
0 0.623698 0.892130 0.099479 0.093519
0 0.505990 0.937037 0.135937 0.070370