0 0.165104 0.166204 0.036458 0.173148
0 0.240885 0.105556 0.077604 0.157407
0 0.216406 0.201852 0.075521 0.114815
0 0.169271 0.354167 0.052083 0.206481
0 0.176563 0.475000 0.066667 0.187037
0 0.257812 0.381944 0.103125 0.167593
0 0.347135 0.497222 0.108854 0.237037
0 0.243750 0.491204 0.127083 0.126852
0 0.313802 0.605556 0.146354 0.216667
0 0.193750 0.683333 0.105208 0.190741
0 0.255990 0.707870 0.076563 0.208333
0 0.161458 0.800926 0.050000 0.216667
0 0.213281 0.851389 0.099479 0.137963
0 0.251563 0.928241 0.125000 0.075000
0 0.405990 0.934259 0.154688 0.098148
0 0.563802 0.944444 0.109896 0.094444
0 0.668750 0.913889 0.100000 0.135185
0 0.771354 0.227315 0.052083 0.075000
0 0.621354 0.128704 0.103125 0.094444
0 0.428125 0.065278 0.145833 0.076852