0 0.183333 0.168981 0.070833 0.167593
0 0.367448 0.299074 0.130729 0.159259
0 0.203125 0.279630 0.100000 0.096296
0 0.202083 0.373148 0.094792 0.142593
0 0.287240 0.410648 0.093229 0.225000
0 0.395052 0.421296 0.146354 0.162963
0 0.193229 0.569907 0.055208 0.225000
0 0.165625 0.639815 0.046875 0.222222
0 0.165625 0.831481 0.048958 0.179630
0 0.223698 0.803704 0.072396 0.187037
0 0.264583 0.865278 0.067708 0.204630
0 0.372917 0.939352 0.106250 0.119444
0 0.439844 0.882407 0.135937 0.148148
0 0.404167 0.532870 0.089583 0.180556
0 0.741146 0.678241 0.045833 0.169444
0 0.761198 0.805556 0.054688 0.085185
0 0.568229 0.141667 0.120833 0.096296
0 0.520312 0.071759 0.121875 0.063889
0 0.346094 0.078241 0.146354 0.073148
0 0.742969 0.213426 0.066146 0.067593