0 0.175521 0.193519 0.061458 0.212963
0 0.192448 0.214815 0.049479 0.229630
0 0.262500 0.113426 0.138542 0.136111
0 0.258333 0.248148 0.107292 0.207407
0 0.186979 0.502778 0.066667 0.261111
0 0.283073 0.446296 0.133854 0.277778
0 0.321354 0.411574 0.115625 0.276852
0 0.370312 0.373148 0.152083 0.235185
0 0.420833 0.318056 0.158333 0.212037
0 0.339844 0.180093 0.079687 0.206481
0 0.415625 0.205556 0.113542 0.225926
0 0.450000 0.211574 0.123958 0.219444
0 0.525521 0.226852 0.135417 0.166667
0 0.648438 0.199074 0.089583 0.168519
0 0.555990 0.126389 0.133854 0.097222
0 0.421615 0.103704 0.147396 0.131481
0 0.765104 0.310185 0.041667 0.101852
0 0.778385 0.352315 0.041146 0.117593
0 0.779427 0.468981 0.048438 0.121296
0 0.777604 0.556019 0.043750 0.132407
0 0.781771 0.667130 0.043750 0.115741
0 0.696615 0.878241 0.098437 0.117593
0 0.499479 0.781481 0.159375 0.162963
0 0.506510 0.914815 0.178646 0.114815
0 0.427865 0.949074 0.179688 0.100000
0 0.174740 0.743519 0.074479 0.270370