0 0.200781 0.197685 0.046354 0.180556
0 0.258073 0.376852 0.082812 0.220370
0 0.217188 0.407407 0.047917 0.222222
0 0.225260 0.615278 0.059896 0.204630
0 0.239583 0.827315 0.072917 0.182407
0 0.291667 0.674537 0.119792 0.165741
0 0.366406 0.679630 0.131771 0.179630
0 0.609115 0.611574 0.131771 0.095370
0 0.280469 0.155556 0.096354 0.120370
0 0.285417 0.104167 0.102083 0.069444
0 0.413021 0.070370 0.154167 0.124074
0 0.541667 0.059722 0.158333 0.078704
0 0.467448 0.817593 0.143229 0.148148
0 0.514323 0.921759 0.148438 0.093519
0 0.613802 0.892130 0.109896 0.073148
0 0.745833 0.852778 0.087500 0.112963
0 0.846094 0.727778 0.040104 0.059259
0 0.349479 0.511111 0.070833 0.250000
0 0.253906 0.248148 0.104688 0.138889