0 0.342448 0.762500 0.129688 0.265741
0 0.173958 0.909722 0.101042 0.130556
0 0.154167 0.802778 0.051042 0.203704
0 0.285938 0.189815 0.163542 0.166667
0 0.169271 0.177315 0.062500 0.239815
0 0.392969 0.104630 0.146354 0.162963
0 0.498698 0.536111 0.136979 0.259259
0 0.547917 0.137037 0.116667 0.111111
0 0.594010 0.170370 0.107813 0.107407
0 0.634635 0.383796 0.099479 0.123148
0 0.586979 0.664815 0.082292 0.261111
0 0.475781 0.899537 0.172396 0.158333
0 0.530208 0.914815 0.145833 0.153704
0 0.656771 0.836111 0.083333 0.092593
0 0.631250 0.895833 0.105208 0.112037
0 0.709896 0.853704 0.063542 0.088889
0 0.755990 0.775000 0.046354 0.124074
0 0.773438 0.777315 0.035417 0.089815
0 0.596094 0.550463 0.072396 0.230556
0 0.623958 0.481481 0.056250 0.151852
0 0.743750 0.414815 0.052083 0.157407
0 0.730208 0.270370 0.054167 0.118519
0 0.755729 0.298148 0.057292 0.077778
0 0.780208 0.681019 0.038542 0.121296
0 0.778646 0.563426 0.039583 0.152778
0 0.779427 0.443981 0.035937 0.128704
0 0.776823 0.327778 0.035937 0.131481