0 0.175521 0.745833 0.071875 0.247222
0 0.163542 0.507870 0.052083 0.245370
0 0.423698 0.953241 0.174479 0.089815
0 0.505990 0.914815 0.189062 0.112963
0 0.513802 0.764352 0.135937 0.136111
0 0.712760 0.856481 0.079687 0.124074
0 0.780729 0.668056 0.041667 0.099074
0 0.776823 0.471759 0.039062 0.150926
0 0.772396 0.300463 0.034375 0.086111
0 0.783333 0.368056 0.028125 0.121296
0 0.622135 0.172685 0.086979 0.082407
0 0.550260 0.124537 0.121354 0.087963
0 0.541146 0.231944 0.105208 0.178704
0 0.167187 0.188426 0.053125 0.208333
0 0.196875 0.195833 0.044792 0.193519
0 0.246875 0.091667 0.070833 0.164815
0 0.313542 0.161111 0.108333 0.196296
0 0.278385 0.224537 0.089063 0.184259
0 0.228906 0.281944 0.097396 0.210185
0 0.276562 0.445370 0.121875 0.270370
0 0.329688 0.413889 0.120833 0.283333
0 0.373437 0.361574 0.145833 0.226852
0 0.421094 0.322222 0.159896 0.198148
0 0.444531 0.208333 0.116146 0.214815
0 0.356250 0.140741 0.095833 0.179630
0 0.424219 0.095370 0.144271 0.114815