0 0.206510 0.936111 0.057813 0.125926
0 0.322917 0.931481 0.151042 0.131481
0 0.598177 0.942593 0.135937 0.094444
0 0.695573 0.876389 0.078646 0.139815
0 0.799219 0.795370 0.042188 0.064815
0 0.812760 0.293519 0.024479 0.131481
0 0.789844 0.277778 0.045312 0.088889
0 0.777865 0.352315 0.045312 0.115741
0 0.756250 0.213426 0.055208 0.075000
0 0.441406 0.075463 0.124479 0.054630
0 0.474740 0.126852 0.148438 0.074074
0 0.469792 0.164815 0.158333 0.124074
0 0.441927 0.250926 0.167187 0.142593
0 0.558333 0.305093 0.069792 0.219444
0 0.597135 0.353241 0.092188 0.208333
0 0.236458 0.229167 0.077083 0.189815
0 0.194271 0.214815 0.059375 0.218519
0 0.215885 0.362037 0.063021 0.218519
0 0.207813 0.589815 0.070833 0.251852
0 0.286198 0.357407 0.055729 0.237037
0 0.422135 0.397685 0.114062 0.202778