0 0.667708 0.343056 0.091667 0.145370
0 0.772396 0.306944 0.041667 0.084259
0 0.782292 0.358333 0.026042 0.114815
0 0.778125 0.479167 0.034375 0.132407
0 0.773177 0.574074 0.036979 0.092593
0 0.782813 0.663889 0.043750 0.107407
0 0.500521 0.781019 0.152083 0.143519
0 0.503385 0.919444 0.172396 0.120370
0 0.430990 0.949537 0.173437 0.099074
0 0.176563 0.744907 0.075000 0.252778
0 0.176042 0.457407 0.076042 0.209259
0 0.278385 0.450000 0.125521 0.262963
0 0.326042 0.423611 0.101042 0.252778
0 0.367448 0.378704 0.160938 0.214815
0 0.416146 0.322222 0.166667 0.198148
0 0.406510 0.200926 0.124479 0.209259
0 0.449740 0.208796 0.119271 0.197222
0 0.534375 0.220370 0.118750 0.150000
0 0.549740 0.126389 0.123438 0.093519
0 0.426042 0.101852 0.140625 0.114815
0 0.337240 0.163889 0.057813 0.205556
0 0.264583 0.106944 0.130208 0.125000
0 0.173958 0.195370 0.055208 0.216667
0 0.194271 0.214352 0.048958 0.217593
0 0.251563 0.251389 0.105208 0.212037
0 0.274219 0.223611 0.075521 0.184259