0 0.181250 0.220833 0.037500 0.189815
0 0.211458 0.212037 0.043750 0.166667
0 0.271875 0.247685 0.111458 0.160185
0 0.276823 0.339815 0.109896 0.159259
0 0.205729 0.428241 0.076042 0.230556
0 0.262240 0.436111 0.121354 0.153704
0 0.242188 0.543056 0.072917 0.217593
0 0.193229 0.599074 0.058333 0.211111
0 0.203646 0.788426 0.067708 0.210185
0 0.257031 0.943519 0.113021 0.111111
0 0.446615 0.948611 0.158854 0.100926
0 0.558333 0.956944 0.104167 0.084259
0 0.675521 0.867593 0.078125 0.131481
0 0.703646 0.886111 0.075000 0.109259
0 0.770833 0.833333 0.079167 0.077778
0 0.799479 0.797222 0.033333 0.064815
0 0.826302 0.709722 0.030729 0.119444
0 0.265885 0.109259 0.121354 0.129630
0 0.562240 0.111111 0.129688 0.085185
0 0.814583 0.264352 0.044792 0.086111
0 0.630729 0.575463 0.109375 0.097222