0 0.208594 0.200000 0.068229 0.209259
0 0.272656 0.723148 0.108854 0.107407
0 0.496094 0.941667 0.136979 0.094444
0 0.543229 0.858333 0.069792 0.164815
0 0.586198 0.872685 0.061979 0.156481
0 0.654948 0.866667 0.065104 0.183333
0 0.789062 0.823611 0.052083 0.069444
0 0.771875 0.788426 0.070833 0.123148
0 0.760156 0.755093 0.084896 0.147222
0 0.746615 0.557407 0.096354 0.116667
0 0.704167 0.666204 0.102083 0.112037
0 0.715104 0.711111 0.100000 0.096296
0 0.690365 0.750926 0.117188 0.070370
0 0.826042 0.746296 0.044792 0.062963
0 0.835156 0.685185 0.023438 0.101852
0 0.845313 0.677315 0.031250 0.115741
0 0.850781 0.276389 0.035937 0.123148
0 0.801302 0.174537 0.058854 0.065741
0 0.719271 0.106944 0.091667 0.084259