0 0.628385 0.087500 0.100521 0.069444
0 0.300521 0.065278 0.155208 0.097222
0 0.197135 0.123148 0.113021 0.092593
0 0.214583 0.193056 0.109375 0.125000
0 0.196875 0.367130 0.073958 0.215741
0 0.184115 0.582407 0.033854 0.227778
0 0.217448 0.763889 0.098437 0.181481
0 0.217448 0.453241 0.064062 0.219444
0 0.261198 0.458796 0.078646 0.217593
0 0.339844 0.449074 0.144271 0.224074
0 0.379427 0.394444 0.116146 0.225926
0 0.332031 0.545833 0.096354 0.193519
0 0.253385 0.593519 0.097396 0.103704
0 0.213281 0.598148 0.063021 0.201852
0 0.286719 0.658796 0.098437 0.165741
0 0.318750 0.757407 0.098958 0.211111
0 0.432552 0.786111 0.133854 0.135185
0 0.445052 0.887500 0.144271 0.080556
0 0.553125 0.850463 0.101042 0.165741
0 0.603906 0.799074 0.073438 0.161111