0 0.217969 0.412037 0.055729 0.250000
0 0.252083 0.604167 0.109375 0.206481
0 0.291667 0.738426 0.148958 0.150926
0 0.446875 0.140741 0.130208 0.229630
0 0.493229 0.072222 0.133333 0.127778
0 0.545312 0.344907 0.131250 0.241667
0 0.556771 0.435648 0.108333 0.212037
0 0.654948 0.418056 0.110937 0.125000
0 0.632812 0.607407 0.104167 0.209259
0 0.801042 0.487963 0.048958 0.120370
0 0.849740 0.659722 0.024479 0.110185
0 0.837240 0.734722 0.042188 0.075000
0 0.802083 0.760185 0.050000 0.072222
0 0.775000 0.805093 0.058333 0.073148
0 0.660937 0.867593 0.114583 0.131481
0 0.721615 0.836111 0.078646 0.114815
0 0.626302 0.881019 0.106771 0.115741
0 0.501042 0.909722 0.150000 0.136111
0 0.360417 0.908333 0.157292 0.087037