0 0.192969 0.852315 0.053646 0.182407
0 0.203906 0.935185 0.099479 0.120370
0 0.255990 0.934722 0.084896 0.128704
0 0.212240 0.704630 0.084896 0.155556
0 0.241406 0.674074 0.108854 0.203704
0 0.252344 0.518981 0.082812 0.232407
0 0.303906 0.936574 0.073438 0.125000
0 0.390625 0.942593 0.093750 0.112963
0 0.494271 0.969444 0.143750 0.059259
0 0.628385 0.921759 0.134896 0.121296
0 0.682292 0.690741 0.101042 0.146296
0 0.779687 0.787500 0.065625 0.128704
0 0.821094 0.766667 0.034896 0.068519
0 0.826042 0.653241 0.026042 0.121296
0 0.222396 0.309722 0.114583 0.108333
0 0.253385 0.199537 0.094271 0.169444
0 0.317448 0.193519 0.110937 0.185185
0 0.477865 0.162963 0.142187 0.133333
0 0.472135 0.100463 0.169271 0.102778
0 0.596094 0.135648 0.096354 0.100926
0 0.680729 0.134722 0.092708 0.125000