0 0.213021 0.174074 0.072917 0.181481
0 0.226042 0.357870 0.069792 0.262037
0 0.226562 0.564352 0.064583 0.204630
0 0.222656 0.785648 0.056771 0.160185
0 0.267969 0.868056 0.105729 0.106481
0 0.413021 0.874537 0.158333 0.139815
0 0.498958 0.937500 0.141667 0.087963
0 0.603385 0.882870 0.110937 0.108333
0 0.670312 0.867593 0.111458 0.070370
0 0.404687 0.714352 0.141667 0.141667
0 0.300781 0.663426 0.075521 0.195370
0 0.250000 0.454630 0.052083 0.238889
0 0.288281 0.438889 0.079687 0.242593
0 0.336198 0.503241 0.101562 0.232407
0 0.532552 0.659722 0.128646 0.132407
0 0.343229 0.151852 0.101042 0.183333
0 0.415625 0.079630 0.140625 0.129630
0 0.448698 0.138426 0.123438 0.193519
0 0.554427 0.058796 0.140104 0.087963