0 0.342708 0.768981 0.128125 0.263889
0 0.168490 0.897222 0.096354 0.137037
0 0.154167 0.800926 0.053125 0.196296
0 0.496354 0.539815 0.138542 0.261111
0 0.479687 0.896296 0.170833 0.161111
0 0.530990 0.915741 0.147396 0.151852
0 0.632031 0.833796 0.101562 0.128704
0 0.632552 0.903704 0.108854 0.092593
0 0.707292 0.844907 0.065625 0.078704
0 0.587760 0.662963 0.084896 0.264815
0 0.614062 0.511574 0.076042 0.204630
0 0.632552 0.384259 0.098437 0.122222
0 0.284115 0.186574 0.159896 0.152778
0 0.168490 0.171296 0.065104 0.227778
0 0.536979 0.140278 0.121875 0.112037
0 0.591927 0.166204 0.113021 0.102778
0 0.644271 0.190741 0.089583 0.090741
0 0.726562 0.277778 0.052083 0.127778
0 0.744792 0.411111 0.050000 0.155556
0 0.757031 0.768981 0.045312 0.123148
0 0.773438 0.781944 0.039583 0.099074
0 0.795312 0.786111 0.043750 0.064815
0 0.780208 0.681481 0.040625 0.122222
0 0.777083 0.562963 0.042708 0.148148
0 0.780208 0.447222 0.037500 0.127778
0 0.778125 0.337037 0.041667 0.111111
0 0.777344 0.279630 0.059896 0.066667