0 0.177344 0.207407 0.055729 0.161111
0 0.203906 0.393981 0.060937 0.217593
0 0.175521 0.589815 0.059375 0.248148
0 0.203385 0.700000 0.082812 0.168519
0 0.203646 0.889352 0.113542 0.115741
0 0.332031 0.913426 0.158854 0.104630
0 0.474479 0.957870 0.162500 0.067593
0 0.596615 0.912037 0.101562 0.101852
0 0.659896 0.846296 0.045833 0.142593
0 0.705469 0.820370 0.061979 0.081481
0 0.718229 0.848611 0.075000 0.065741
0 0.767969 0.806944 0.038021 0.067593
0 0.790104 0.754630 0.034375 0.112963
0 0.798698 0.663889 0.022396 0.092593
0 0.804427 0.466204 0.039062 0.089815
0 0.800521 0.400463 0.041667 0.058333
0 0.795052 0.256019 0.050521 0.095370
0 0.710938 0.251852 0.076042 0.053704
0 0.747917 0.202778 0.060417 0.061111
0 0.423958 0.057407 0.134375 0.059259