0 0.383073 0.151852 0.104688 0.183333
0 0.257552 0.138426 0.120313 0.112037
0 0.228125 0.148611 0.107292 0.065741
0 0.177604 0.206019 0.042708 0.184259
0 0.212760 0.234259 0.090104 0.170370
0 0.256510 0.204630 0.126562 0.105556
0 0.302604 0.383796 0.054167 0.249074
0 0.269271 0.355556 0.057292 0.229630
0 0.215104 0.365741 0.073958 0.190741
0 0.219531 0.431019 0.063021 0.228704
0 0.187240 0.456481 0.038021 0.250000
0 0.207552 0.675463 0.071354 0.217593
0 0.366146 0.376852 0.094792 0.238889
0 0.201563 0.861574 0.069792 0.176852
0 0.312760 0.832870 0.095312 0.199074
0 0.329948 0.915278 0.127604 0.147222
0 0.398958 0.956944 0.146875 0.084259
0 0.530990 0.948148 0.139063 0.100000
0 0.587240 0.883796 0.092188 0.130556
0 0.631771 0.798611 0.098958 0.143519
0 0.819531 0.766204 0.032813 0.063889