0 0.470313 0.947222 0.168750 0.103704
0 0.603125 0.918519 0.121875 0.122222
0 0.699740 0.880093 0.073438 0.104630
0 0.763281 0.839352 0.065104 0.080556
0 0.793750 0.769907 0.048958 0.100926
0 0.818750 0.767130 0.028125 0.043519
0 0.823698 0.702315 0.030729 0.110185
0 0.811458 0.299074 0.029167 0.124074
0 0.790365 0.249074 0.040104 0.098148
0 0.753125 0.193519 0.069792 0.059259
0 0.689844 0.159722 0.081771 0.080556
0 0.594271 0.121296 0.117708 0.094444
0 0.450260 0.090278 0.177604 0.080556
0 0.453125 0.121296 0.171875 0.059259
0 0.467448 0.175000 0.165104 0.072222
0 0.551302 0.296296 0.093229 0.201852
0 0.592187 0.363426 0.117708 0.204630
0 0.420052 0.390741 0.131771 0.240741
0 0.205990 0.128241 0.096354 0.199074
0 0.177083 0.232407 0.058333 0.112963
0 0.182552 0.371296 0.045312 0.174074