0 0.182292 0.106481 0.068750 0.151852
0 0.396094 0.118056 0.151562 0.152778
0 0.550781 0.151852 0.125521 0.116667
0 0.616667 0.175000 0.136458 0.111111
0 0.665365 0.180556 0.085938 0.072222
0 0.679427 0.242130 0.091146 0.089815
0 0.717708 0.262500 0.059375 0.110185
0 0.744271 0.326852 0.046875 0.148148
0 0.765104 0.399074 0.050000 0.109259
0 0.777865 0.431019 0.047396 0.086111
0 0.775260 0.526852 0.050521 0.120370
0 0.770052 0.587037 0.045312 0.140741
0 0.719271 0.594907 0.065625 0.089815
0 0.773438 0.693056 0.031250 0.086111
0 0.770833 0.778241 0.053125 0.080556
0 0.688281 0.696296 0.070312 0.164815
0 0.720313 0.766667 0.064583 0.083333
0 0.703385 0.833796 0.079687 0.078704
0 0.656250 0.830093 0.081250 0.126852
0 0.663281 0.918056 0.104688 0.117593
0 0.513802 0.937037 0.158854 0.112963
0 0.359115 0.776389 0.090104 0.258333
0 0.272656 0.893981 0.121354 0.206481
0 0.619792 0.493519 0.104167 0.190741
0 0.187500 0.901852 0.098958 0.144444
0 0.183073 0.696296 0.086979 0.277778
0 0.165104 0.456481 0.055208 0.272222