0 0.172656 0.896296 0.054688 0.131481
0 0.205990 0.922222 0.072396 0.092593
0 0.308333 0.553704 0.108333 0.187037
0 0.171094 0.318981 0.073438 0.167593
0 0.236979 0.313889 0.073958 0.196296
0 0.296354 0.338889 0.100000 0.131481
0 0.400781 0.381944 0.114062 0.115741
0 0.710938 0.425463 0.053125 0.171296
0 0.630729 0.266667 0.121875 0.094444
0 0.541146 0.111111 0.075000 0.137037
0 0.398958 0.050000 0.136458 0.070370
0 0.340104 0.279630 0.122917 0.096296
0 0.314583 0.215278 0.122917 0.113889
0 0.429167 0.151852 0.108333 0.120370
0 0.315104 0.080556 0.046875 0.135185
0 0.264062 0.081481 0.051042 0.150000
0 0.223698 0.083796 0.056771 0.141667
0 0.200521 0.089352 0.052083 0.145370
0 0.172917 0.099537 0.034375 0.137963
0 0.152865 0.107407 0.041146 0.153704