0 0.170052 0.161111 0.043229 0.157407
0 0.218750 0.300926 0.097917 0.194444
0 0.184375 0.344907 0.062500 0.210185
0 0.183073 0.415278 0.061979 0.213889
0 0.169271 0.577315 0.064583 0.178704
0 0.173177 0.743519 0.065104 0.203704
0 0.183854 0.792130 0.068750 0.169444
0 0.192188 0.891204 0.054167 0.189815
0 0.270833 0.926389 0.064583 0.126852
0 0.520312 0.931019 0.139583 0.095370
0 0.723958 0.838426 0.073958 0.063889
0 0.782813 0.800000 0.055208 0.062963
0 0.748958 0.739352 0.053125 0.041667
0 0.517969 0.620370 0.124479 0.151852
0 0.545833 0.673611 0.063542 0.104630
0 0.555469 0.470370 0.102604 0.235185
0 0.480990 0.547685 0.053646 0.221296
0 0.797135 0.297685 0.025521 0.110185
0 0.453125 0.061574 0.147917 0.095370
0 0.423698 0.088889 0.165104 0.116667