0 0.179427 0.140278 0.085938 0.102778
0 0.292448 0.180556 0.143229 0.166667
0 0.197917 0.212500 0.091667 0.113889
0 0.316406 0.387500 0.151562 0.189815
0 0.168229 0.500463 0.069792 0.313889
0 0.168229 0.719907 0.075000 0.262037
0 0.330729 0.774074 0.115625 0.270370
0 0.172656 0.898148 0.090104 0.131481
0 0.404427 0.912963 0.131771 0.172222
0 0.472917 0.912037 0.170833 0.129630
0 0.523958 0.936111 0.161458 0.125926
0 0.604688 0.853704 0.115625 0.103704
0 0.608854 0.918981 0.065625 0.080556
0 0.584115 0.712963 0.059896 0.240741
0 0.631250 0.495833 0.058333 0.219444
0 0.742708 0.411111 0.052083 0.162963
0 0.778125 0.561111 0.039583 0.153704
0 0.782813 0.677778 0.036458 0.120370
0 0.758854 0.767593 0.040625 0.103704
0 0.777604 0.774074 0.035417 0.087037
0 0.727604 0.850463 0.064583 0.091667
0 0.709375 0.837037 0.063542 0.179630
0 0.673177 0.855093 0.071354 0.197222
0 0.778125 0.333333 0.039583 0.133333
0 0.725781 0.235648 0.074479 0.087963
0 0.594010 0.170833 0.106771 0.112037
0 0.540625 0.143519 0.120833 0.138889