0 0.169792 0.173148 0.057292 0.224074
0 0.152865 0.801852 0.050521 0.200000
0 0.164844 0.901389 0.081771 0.130556
0 0.342708 0.766204 0.132292 0.256481
0 0.287240 0.187963 0.150521 0.144444
0 0.424479 0.081944 0.159375 0.097222
0 0.541406 0.152315 0.115104 0.106481
0 0.595833 0.162963 0.100000 0.100000
0 0.727344 0.269444 0.048438 0.107407
0 0.777344 0.331481 0.032813 0.118519
0 0.782031 0.456481 0.028646 0.135185
0 0.778125 0.564352 0.033333 0.143519
0 0.782031 0.680093 0.030729 0.121296
0 0.718750 0.397685 0.051042 0.167593
0 0.748698 0.419907 0.035937 0.141667
0 0.742969 0.772685 0.057813 0.108333
0 0.765104 0.748148 0.019792 0.077778
0 0.777604 0.770833 0.022917 0.065741
0 0.729427 0.834259 0.068229 0.075926
0 0.631510 0.875926 0.096354 0.137037
0 0.474740 0.911111 0.169271 0.129630
0 0.533073 0.912963 0.130729 0.151852
0 0.494010 0.581944 0.138021 0.119444
0 0.585156 0.672685 0.071354 0.254630
0 0.590104 0.485185 0.067708 0.216667
0 0.636719 0.381944 0.081771 0.110185
0 0.625781 0.518519 0.048438 0.196296