0 0.580208 0.066667 0.141667 0.092593
0 0.447396 0.057870 0.141667 0.080556
0 0.209635 0.208333 0.063021 0.205556
0 0.228646 0.451389 0.071875 0.219444
0 0.213021 0.658333 0.033333 0.196296
0 0.249740 0.670370 0.056771 0.238889
0 0.217188 0.844907 0.052083 0.176852
0 0.261458 0.900926 0.071875 0.135185
0 0.459375 0.699074 0.148958 0.148148
0 0.510938 0.649074 0.127083 0.133333
0 0.540625 0.516204 0.137500 0.200926
0 0.591406 0.544907 0.107813 0.245370
0 0.578125 0.821296 0.110417 0.131481
0 0.533594 0.869907 0.123438 0.134259
0 0.506771 0.946296 0.126042 0.075926
0 0.629948 0.881944 0.107813 0.132407
0 0.787500 0.775000 0.060417 0.120370
0 0.848958 0.685185 0.038542 0.096296
0 0.828385 0.767130 0.043229 0.063889