0 0.286719 0.192593 0.160938 0.166667
0 0.175521 0.171759 0.078125 0.228704
0 0.163542 0.488889 0.054167 0.270370
0 0.347396 0.768981 0.113542 0.317593
0 0.171094 0.900463 0.094271 0.126852
0 0.171094 0.806944 0.080729 0.199074
0 0.575781 0.663426 0.124479 0.113889
0 0.584896 0.585648 0.114583 0.126852
0 0.568490 0.818519 0.121354 0.111111
0 0.437240 0.878241 0.149479 0.210185
0 0.479427 0.917130 0.175521 0.150926
0 0.531771 0.938426 0.147917 0.102778
0 0.636458 0.893981 0.107292 0.113889
0 0.680990 0.657870 0.108854 0.108333
0 0.720573 0.614352 0.070312 0.102778
0 0.730208 0.848148 0.077083 0.083333
0 0.754427 0.768981 0.048438 0.123148
0 0.774479 0.786574 0.036458 0.106481
0 0.780208 0.680093 0.041667 0.128704
0 0.777083 0.564352 0.037500 0.139815
0 0.744531 0.410185 0.048438 0.157407
0 0.778646 0.446759 0.037500 0.132407
0 0.777865 0.331481 0.043229 0.137037
0 0.667188 0.214352 0.127083 0.097222
0 0.728125 0.257407 0.057292 0.146296
0 0.540885 0.154167 0.127604 0.089815
0 0.572135 0.123611 0.132812 0.102778