0 0.246354 0.148611 0.090625 0.165741
0 0.214583 0.193056 0.069792 0.178704
0 0.226562 0.383796 0.068750 0.195370
0 0.211198 0.600463 0.026562 0.230556
0 0.239844 0.798611 0.073438 0.186111
0 0.306771 0.873611 0.107292 0.113889
0 0.382552 0.880556 0.150521 0.124074
0 0.493490 0.947222 0.126562 0.064815
0 0.627604 0.902778 0.133333 0.098148
0 0.485156 0.865741 0.129688 0.133333
0 0.529167 0.812500 0.119792 0.152778
0 0.434375 0.743981 0.138542 0.108333
0 0.397135 0.686574 0.134896 0.141667
0 0.351042 0.618519 0.118750 0.166667
0 0.300781 0.443056 0.083854 0.108333
0 0.255208 0.450926 0.057292 0.229630
0 0.250781 0.631481 0.053646 0.188889
0 0.614844 0.798611 0.107813 0.145370
0 0.849740 0.673611 0.045312 0.076852