0 0.211458 0.180093 0.063542 0.154630
0 0.209375 0.366204 0.056250 0.219444
0 0.231510 0.557407 0.072396 0.194444
0 0.214323 0.722222 0.055729 0.153704
0 0.239063 0.829630 0.125000 0.124074
0 0.268490 0.875463 0.091146 0.086111
0 0.244010 0.462963 0.046354 0.238889
0 0.345573 0.638889 0.078646 0.248148
0 0.301823 0.450000 0.093229 0.255556
0 0.388281 0.440741 0.066146 0.274074
0 0.355208 0.163426 0.104167 0.187963
0 0.424219 0.088426 0.116146 0.167593
0 0.536198 0.065741 0.174479 0.094444
0 0.435156 0.447222 0.080729 0.274074
0 0.424219 0.558333 0.141146 0.224074
0 0.666927 0.868519 0.107813 0.061111
0 0.590625 0.897222 0.118750 0.079630
0 0.491927 0.922222 0.133854 0.092593
0 0.820312 0.764352 0.055208 0.069444