0 0.708073 0.091667 0.118229 0.122222
0 0.635156 0.445370 0.130729 0.124074
0 0.429948 0.262963 0.078646 0.240741
0 0.372135 0.331019 0.076563 0.254630
0 0.210417 0.197222 0.081250 0.214815
0 0.255208 0.383796 0.106250 0.128704
0 0.234115 0.413426 0.134896 0.139815
0 0.406510 0.513426 0.163021 0.110185
0 0.232292 0.573148 0.052083 0.222222
0 0.463542 0.743519 0.119792 0.216667
0 0.337240 0.706019 0.068229 0.221296
0 0.286719 0.608796 0.078646 0.300926
0 0.253646 0.788426 0.096875 0.197222
0 0.235417 0.840278 0.092708 0.173148
0 0.515104 0.925463 0.144792 0.104630
0 0.778646 0.727315 0.085417 0.075000
0 0.793229 0.781019 0.065625 0.067593
0 0.827083 0.202315 0.046875 0.121296
0 0.847396 0.199074 0.015625 0.048148