0 0.487760 0.059259 0.168229 0.087037
0 0.560677 0.078704 0.138021 0.053704
0 0.555990 0.125926 0.136979 0.064815
0 0.571094 0.175926 0.119271 0.088889
0 0.279167 0.426852 0.104167 0.138889
0 0.270833 0.538426 0.115625 0.106481
0 0.363281 0.640741 0.135937 0.218519
0 0.248698 0.749074 0.043229 0.238889
0 0.235417 0.820370 0.078125 0.190741
0 0.279167 0.800000 0.042708 0.205556
0 0.326042 0.801852 0.063542 0.194444
0 0.364844 0.826852 0.114062 0.192593
0 0.408594 0.850000 0.118229 0.155556
0 0.464062 0.867593 0.104167 0.150000
0 0.492708 0.912500 0.100000 0.132407
0 0.558854 0.907870 0.119792 0.123148
0 0.667969 0.750926 0.109896 0.150000
0 0.812500 0.748611 0.051042 0.108333
0 0.761458 0.843056 0.094792 0.117593