0 0.289844 0.185185 0.156771 0.170370
0 0.410156 0.081019 0.161979 0.075000
0 0.543490 0.147685 0.115104 0.123148
0 0.594792 0.169907 0.107292 0.089815
0 0.633594 0.390741 0.091146 0.085185
0 0.588542 0.510648 0.062500 0.219444
0 0.622396 0.509722 0.040625 0.197222
0 0.656771 0.655556 0.098958 0.087037
0 0.580469 0.719444 0.073438 0.222222
0 0.725000 0.279167 0.054167 0.117593
0 0.740625 0.414815 0.046875 0.148148
0 0.775781 0.331481 0.034896 0.138889
0 0.788542 0.452315 0.042708 0.112037
0 0.777083 0.568981 0.031250 0.143519
0 0.780729 0.676852 0.036458 0.114815
0 0.757031 0.780556 0.036979 0.125926
0 0.777604 0.773611 0.028125 0.082407
0 0.664844 0.840741 0.121354 0.101852
0 0.722656 0.840741 0.064062 0.074074
0 0.628906 0.897685 0.095312 0.093519
0 0.522917 0.916667 0.136458 0.146296
0 0.472396 0.902315 0.176042 0.137963
0 0.340104 0.762037 0.122917 0.253704
0 0.165885 0.615278 0.056771 0.223148
0 0.153385 0.812037 0.057813 0.179630
0 0.175521 0.900000 0.098958 0.140741
0 0.215104 0.912037 0.082292 0.148148