0 0.171615 0.173148 0.054688 0.225926
0 0.292708 0.188426 0.150000 0.163889
0 0.430990 0.068056 0.133854 0.128704
0 0.166927 0.608796 0.051562 0.236111
0 0.152604 0.809259 0.052083 0.205556
0 0.177083 0.895833 0.092708 0.136111
0 0.342969 0.767130 0.124479 0.245370
0 0.505208 0.581944 0.153125 0.121296
0 0.474219 0.896759 0.160938 0.150926
0 0.533854 0.916667 0.136458 0.138889
0 0.594531 0.695370 0.068229 0.218519
0 0.586719 0.488426 0.065104 0.219444
0 0.546875 0.152778 0.109375 0.114815
0 0.596875 0.172685 0.112500 0.095370
0 0.637240 0.381481 0.089063 0.109259
0 0.625781 0.503241 0.050521 0.176852
0 0.630469 0.877315 0.097396 0.143519
0 0.723958 0.838889 0.063542 0.066667
0 0.759635 0.780556 0.032813 0.122222
0 0.775781 0.774537 0.023438 0.075000
0 0.777865 0.680093 0.033854 0.117593
0 0.777344 0.569444 0.034896 0.146296
0 0.783333 0.440741 0.043750 0.112963
0 0.744010 0.421296 0.047396 0.150000
0 0.727344 0.287037 0.053646 0.107407
0 0.777083 0.330556 0.031250 0.116667
0 0.289323 0.942130 0.132812 0.102778