0 0.454948 0.073611 0.148438 0.121296
0 0.353385 0.112037 0.147396 0.100000
0 0.228646 0.114352 0.106250 0.104630
0 0.227604 0.195370 0.106250 0.122222
0 0.200000 0.303241 0.035417 0.213889
0 0.229687 0.316204 0.057292 0.208333
0 0.331250 0.241204 0.093750 0.204630
0 0.276823 0.270833 0.072396 0.200926
0 0.386979 0.343519 0.155208 0.157407
0 0.368229 0.450926 0.139583 0.138889
0 0.346875 0.511111 0.171875 0.177778
0 0.243229 0.531944 0.108333 0.104630
0 0.337240 0.602315 0.140104 0.171296
0 0.338281 0.731481 0.117188 0.157407
0 0.297396 0.729630 0.110417 0.209259
0 0.225781 0.705093 0.096354 0.269444
0 0.219271 0.768056 0.065625 0.206481
0 0.514583 0.933333 0.159375 0.092593
0 0.614844 0.887963 0.125521 0.088889