0 0.489063 0.052778 0.181250 0.088889
0 0.475260 0.100926 0.171354 0.098148
0 0.554688 0.202778 0.084375 0.198148
0 0.624740 0.305093 0.090104 0.210185
0 0.507812 0.454167 0.161458 0.134259
0 0.225781 0.187963 0.080729 0.205556
0 0.185156 0.206019 0.060937 0.200926
0 0.204167 0.516204 0.053125 0.226852
0 0.307031 0.616204 0.147396 0.108333
0 0.821094 0.725463 0.058854 0.113889
0 0.721094 0.837963 0.074479 0.105556
0 0.653125 0.812500 0.062500 0.189815
0 0.595833 0.907407 0.105208 0.090741
0 0.501823 0.919907 0.131771 0.112037
0 0.405990 0.825463 0.144271 0.163889
0 0.392188 0.887963 0.140625 0.120370
0 0.265885 0.765278 0.129688 0.228704
0 0.225260 0.834722 0.083854 0.171296
0 0.332813 0.919907 0.135417 0.108333