0 0.178906 0.163889 0.055729 0.144444
0 0.190885 0.072222 0.070312 0.111111
0 0.249740 0.076852 0.096354 0.133333
0 0.168490 0.533796 0.041146 0.195370
0 0.175000 0.672685 0.068750 0.175000
0 0.239583 0.761111 0.088542 0.224074
0 0.164583 0.810648 0.058333 0.169444
0 0.190885 0.807870 0.049479 0.128704
0 0.201042 0.868056 0.089583 0.143519
0 0.421354 0.959259 0.142708 0.079630
0 0.540365 0.932870 0.148438 0.087963
0 0.657813 0.874074 0.086458 0.124074
0 0.729427 0.837500 0.057813 0.065741
0 0.656250 0.712500 0.070833 0.162037
0 0.476823 0.548611 0.135937 0.254630
0 0.512240 0.461111 0.077604 0.235185
0 0.550521 0.447685 0.064583 0.199074
0 0.607292 0.116204 0.097917 0.073148
0 0.456771 0.094907 0.137500 0.097222
0 0.340625 0.106944 0.143750 0.130556