0 0.620313 0.083796 0.136458 0.082407
0 0.475260 0.050000 0.148438 0.085185
0 0.209635 0.634259 0.051562 0.244444
0 0.236198 0.807407 0.076563 0.190741
0 0.335677 0.927778 0.130729 0.111111
0 0.426823 0.876389 0.058854 0.160185
0 0.501042 0.788426 0.130208 0.152778
0 0.576302 0.743056 0.048438 0.206481
0 0.625781 0.695833 0.057813 0.217593
0 0.688021 0.688426 0.100000 0.117593
0 0.730990 0.773148 0.098437 0.079630
0 0.738281 0.836111 0.073438 0.100000
0 0.801302 0.812963 0.057813 0.107407
0 0.821094 0.756944 0.053646 0.052778
0 0.833333 0.714352 0.032292 0.058333
0 0.848958 0.653241 0.022917 0.104630
0 0.662240 0.889815 0.098437 0.083333
0 0.554688 0.908796 0.119792 0.126852
0 0.497396 0.909722 0.116667 0.126852