0 0.218750 0.191667 0.041667 0.185185
0 0.258073 0.373148 0.118229 0.142593
0 0.212760 0.429630 0.043229 0.183333
0 0.339323 0.461111 0.064062 0.281481
0 0.293490 0.575926 0.058854 0.248148
0 0.240365 0.832407 0.076563 0.177778
0 0.377865 0.772222 0.111979 0.250000
0 0.341146 0.917593 0.140625 0.100000
0 0.521354 0.912963 0.143750 0.118519
0 0.598177 0.800926 0.072396 0.216667
0 0.662500 0.725926 0.089583 0.101852
0 0.748437 0.128704 0.070833 0.174074
0 0.802344 0.148148 0.043229 0.094444
0 0.831510 0.202778 0.034896 0.116667
0 0.852604 0.221759 0.031250 0.078704
0 0.851042 0.677778 0.038542 0.116667
0 0.449740 0.061111 0.145313 0.100000
0 0.416146 0.559259 0.083333 0.253704
0 0.443750 0.804630 0.085417 0.218519