0 0.437760 0.091667 0.163021 0.087037
0 0.670833 0.147685 0.095833 0.087963
0 0.758854 0.229167 0.047917 0.106481
0 0.784115 0.254167 0.044271 0.112037
0 0.812240 0.294444 0.027604 0.111111
0 0.823438 0.397685 0.036458 0.104630
0 0.753906 0.397685 0.059896 0.178704
0 0.810677 0.754167 0.042188 0.108333
0 0.765104 0.838426 0.057292 0.078704
0 0.786458 0.779167 0.036458 0.067593
0 0.743229 0.770833 0.071875 0.078704
0 0.610677 0.944444 0.111979 0.087037
0 0.479687 0.968056 0.152083 0.062037
0 0.327344 0.959722 0.117188 0.078704
0 0.247396 0.938426 0.064583 0.121296
0 0.196354 0.938426 0.086458 0.121296
0 0.194271 0.465741 0.059375 0.255556
0 0.243490 0.263889 0.074479 0.198148
0 0.336198 0.190741 0.140104 0.088889
0 0.308333 0.266667 0.117708 0.137037
0 0.398177 0.357407 0.068229 0.251852