0 0.169271 0.265278 0.046875 0.182407
0 0.219531 0.367130 0.068229 0.189815
0 0.271615 0.430556 0.071354 0.203704
0 0.379167 0.508333 0.138542 0.122222
0 0.282031 0.570370 0.101562 0.164815
0 0.391146 0.637037 0.110417 0.170370
0 0.367969 0.751852 0.065104 0.214815
0 0.280469 0.681019 0.140104 0.093519
0 0.296615 0.815741 0.054688 0.200000
0 0.215885 0.799537 0.056771 0.232407
0 0.497135 0.876852 0.109896 0.131481
0 0.452604 0.908796 0.092708 0.056481
0 0.754427 0.737037 0.063021 0.055556
0 0.529167 0.552778 0.110417 0.137037
0 0.735417 0.205093 0.073958 0.058333
0 0.650781 0.129167 0.092188 0.091667
0 0.617969 0.075000 0.081771 0.122222
0 0.759375 0.144907 0.053125 0.075000
0 0.455208 0.044907 0.097917 0.087963
0 0.401042 0.029167 0.129167 0.058333