0 0.189844 0.060185 0.097396 0.066667
0 0.159375 0.178704 0.034375 0.183333
0 0.202604 0.174074 0.058333 0.157407
0 0.287240 0.137500 0.110937 0.171296
0 0.359375 0.125926 0.062500 0.166667
0 0.451823 0.092593 0.127604 0.100000
0 0.504687 0.079630 0.082292 0.074074
0 0.168750 0.457870 0.057292 0.232407
0 0.192969 0.491204 0.061979 0.263889
0 0.219792 0.506019 0.053125 0.237963
0 0.259896 0.432870 0.048958 0.199074
0 0.352083 0.482407 0.136458 0.179630
0 0.339583 0.327778 0.106250 0.161111
0 0.322396 0.554167 0.107292 0.176852
0 0.276302 0.620370 0.122396 0.183333
0 0.180469 0.674537 0.072396 0.189815
0 0.170833 0.812500 0.068750 0.173148
0 0.764323 0.807407 0.060937 0.064815
0 0.797917 0.767130 0.034375 0.063889
0 0.791927 0.311111 0.025521 0.131481