0 0.342187 0.099074 0.150000 0.098148
0 0.271354 0.115278 0.111458 0.099074
0 0.260937 0.157407 0.121875 0.092593
0 0.232552 0.209259 0.102604 0.125926
0 0.302344 0.294444 0.092188 0.196296
0 0.253125 0.324074 0.086458 0.188889
0 0.208073 0.321296 0.047396 0.214815
0 0.410938 0.271296 0.138542 0.155556
0 0.391146 0.362037 0.154167 0.148148
0 0.354427 0.472685 0.145313 0.202778
0 0.325521 0.552315 0.120833 0.232407
0 0.226562 0.482407 0.072917 0.222222
0 0.296615 0.600000 0.096354 0.216667
0 0.248177 0.629167 0.090104 0.113889
0 0.230469 0.700000 0.074479 0.216667
0 0.222917 0.779167 0.053125 0.162037
0 0.294271 0.752778 0.121875 0.151852
0 0.494531 0.923148 0.142187 0.125926
0 0.611719 0.901389 0.109896 0.082407