0 0.809375 0.637963 0.027083 0.122222
0 0.789844 0.671296 0.039062 0.116667
0 0.748437 0.744907 0.060417 0.084259
0 0.639323 0.388889 0.107813 0.112963
0 0.543229 0.496759 0.105208 0.215741
0 0.646354 0.049074 0.134375 0.090741
0 0.484375 0.035185 0.156250 0.070370
0 0.356510 0.075463 0.099479 0.149074
0 0.311719 0.068056 0.084896 0.128704
0 0.238281 0.059259 0.085938 0.107407
0 0.200000 0.072222 0.080208 0.103704
0 0.163542 0.106019 0.058333 0.139815
0 0.210938 0.291667 0.098958 0.237037
0 0.186719 0.406481 0.055729 0.224074
0 0.195052 0.756944 0.053646 0.215741
0 0.391146 0.889815 0.111458 0.109259
0 0.460938 0.840741 0.132292 0.090741
0 0.491406 0.903704 0.107813 0.061111
0 0.581510 0.817593 0.108854 0.168519
0 0.599740 0.855556 0.079687 0.092593