0 0.168750 0.399537 0.047917 0.236111
0 0.180469 0.708333 0.061979 0.185185
0 0.165104 0.810648 0.045833 0.165741
0 0.190885 0.896296 0.061979 0.142593
0 0.220573 0.908333 0.055729 0.131481
0 0.270833 0.916667 0.080208 0.138889
0 0.326823 0.935185 0.107813 0.124074
0 0.406771 0.867130 0.147917 0.137963
0 0.547135 0.914352 0.139063 0.100926
0 0.748437 0.808333 0.055208 0.070370
0 0.787240 0.781019 0.041146 0.082407
0 0.798177 0.689352 0.026562 0.095370
0 0.567448 0.645833 0.063021 0.182407
0 0.571354 0.416204 0.053125 0.226852
0 0.792969 0.299537 0.024479 0.119444
0 0.529948 0.069907 0.102604 0.069444
0 0.400521 0.275463 0.120833 0.213889
0 0.308333 0.081944 0.129167 0.086111
0 0.189062 0.131019 0.033333 0.150926
0 0.165885 0.156944 0.035937 0.171296