0 0.489323 0.066667 0.181771 0.094444
0 0.551562 0.119444 0.141667 0.133333
0 0.572656 0.182407 0.118229 0.129630
0 0.254688 0.186574 0.101042 0.156481
0 0.213542 0.194907 0.077083 0.165741
0 0.233073 0.388426 0.088021 0.200926
0 0.229427 0.599537 0.066146 0.247222
0 0.285677 0.500000 0.105729 0.214815
0 0.349740 0.636111 0.102604 0.233333
0 0.446875 0.676852 0.147917 0.157407
0 0.253385 0.746759 0.064062 0.239815
0 0.236979 0.825000 0.082292 0.175926
0 0.292187 0.773611 0.075000 0.226852
0 0.321615 0.775926 0.078646 0.190741
0 0.391667 0.787037 0.090625 0.194444
0 0.429948 0.781481 0.069271 0.159259
0 0.464062 0.859259 0.108333 0.166667
0 0.486458 0.917130 0.115625 0.143519
0 0.560937 0.905093 0.118750 0.139815