0 0.170313 0.187500 0.051042 0.221296
0 0.193750 0.213889 0.039583 0.214815
0 0.273177 0.111111 0.154688 0.120370
0 0.260677 0.240278 0.116146 0.202778
0 0.323177 0.219444 0.153646 0.138889
0 0.277604 0.437500 0.132292 0.275000
0 0.327344 0.412963 0.127604 0.259259
0 0.385677 0.403704 0.123438 0.262963
0 0.421094 0.316667 0.159896 0.211111
0 0.540625 0.290741 0.152083 0.138889
0 0.531250 0.203704 0.123958 0.137037
0 0.434375 0.208333 0.132292 0.190741
0 0.420833 0.096759 0.148958 0.119444
0 0.551302 0.116667 0.123438 0.079630
0 0.181771 0.507407 0.076042 0.240741
0 0.164323 0.756481 0.051562 0.253704
0 0.422135 0.942130 0.172396 0.113889
0 0.501302 0.918519 0.186979 0.107407
0 0.516406 0.865278 0.149479 0.071296
0 0.505990 0.776852 0.179688 0.155556
0 0.675260 0.853241 0.091146 0.134259
0 0.782031 0.670833 0.050521 0.119444
0 0.780729 0.556481 0.036458 0.133333
0 0.776302 0.476852 0.048438 0.138889
0 0.775000 0.353241 0.039583 0.110185
0 0.768229 0.306944 0.051042 0.106481