0 0.229427 0.129630 0.106771 0.055556
0 0.179427 0.211574 0.034896 0.145370
0 0.217708 0.228704 0.093750 0.175926
0 0.257552 0.195370 0.130729 0.144444
0 0.207292 0.360648 0.082292 0.210185
0 0.217969 0.449537 0.089063 0.206481
0 0.271094 0.351389 0.067187 0.223148
0 0.311458 0.383796 0.066667 0.237963
0 0.368490 0.379630 0.091146 0.231481
0 0.382812 0.462037 0.072917 0.250000
0 0.209635 0.655556 0.074479 0.235185
0 0.201302 0.846759 0.069271 0.186111
0 0.270833 0.860185 0.080208 0.196296
0 0.315365 0.845833 0.081771 0.197222
0 0.420573 0.916667 0.135937 0.135185
0 0.524740 0.952778 0.144271 0.090741
0 0.588542 0.878704 0.096875 0.129630
0 0.634635 0.798148 0.101562 0.127778
0 0.702865 0.795370 0.072396 0.133333
0 0.670573 0.911111 0.119271 0.125926
0 0.815625 0.767130 0.036458 0.060185