0 0.228125 0.548611 0.071875 0.236111
0 0.297917 0.433333 0.093750 0.225926
0 0.292969 0.610185 0.091146 0.250000
0 0.298698 0.743981 0.079687 0.169444
0 0.238542 0.846759 0.055208 0.184259
0 0.354427 0.888426 0.163021 0.100926
0 0.726823 0.618056 0.080729 0.167593
0 0.816406 0.185648 0.047396 0.075000
0 0.803385 0.696296 0.058854 0.146296
0 0.809375 0.758333 0.051042 0.061111
0 0.792188 0.787037 0.067708 0.051852
0 0.418750 0.159722 0.136458 0.167593
0 0.407031 0.082407 0.142187 0.144444
0 0.615625 0.847685 0.121875 0.149074
0 0.600521 0.906944 0.103125 0.071296
0 0.488802 0.080556 0.043229 0.068519
0 0.489844 0.139815 0.060937 0.092593
0 0.829948 0.696759 0.025521 0.115741
0 0.839323 0.700000 0.022396 0.096296