0 0.198698 0.203704 0.044271 0.192593
0 0.217188 0.415278 0.045833 0.237963
0 0.261979 0.542593 0.072917 0.231481
0 0.236719 0.621759 0.097396 0.212037
0 0.240104 0.813889 0.075000 0.203704
0 0.272135 0.835185 0.077604 0.200000
0 0.842969 0.606944 0.045312 0.065741
0 0.852083 0.675000 0.031250 0.077778
0 0.840625 0.731019 0.039583 0.058333
0 0.794531 0.792130 0.040104 0.087963
0 0.740885 0.840741 0.069271 0.077778
0 0.748958 0.784722 0.072917 0.080556
0 0.673958 0.869907 0.089583 0.080556
0 0.594271 0.873148 0.127083 0.101852
0 0.547396 0.944907 0.145833 0.075000
0 0.597396 0.828241 0.126042 0.099074
0 0.585417 0.762037 0.133333 0.140741
0 0.477604 0.876852 0.107292 0.166667
0 0.530208 0.053241 0.151042 0.097222