0 0.207813 0.274537 0.062500 0.241667
0 0.107813 0.500926 0.050000 0.240741
0 0.160938 0.529167 0.039583 0.232407
0 0.200000 0.463426 0.048958 0.234259
0 0.257031 0.420833 0.053646 0.291667
0 0.303385 0.345370 0.061979 0.190741
0 0.279167 0.499074 0.071875 0.220370
0 0.322917 0.515741 0.095833 0.235185
0 0.187500 0.608796 0.094792 0.204630
0 0.110677 0.742593 0.075521 0.131481
0 0.107813 0.831019 0.047917 0.115741
0 0.163542 0.764815 0.066667 0.201852
0 0.131250 0.895833 0.088542 0.117593
0 0.181250 0.779630 0.052083 0.157407
0 0.220573 0.769444 0.050521 0.262963
0 0.285156 0.663889 0.143229 0.109259
0 0.363281 0.671759 0.080729 0.175000
0 0.390885 0.577778 0.106771 0.122222
0 0.339844 0.758333 0.109896 0.114815
0 0.292708 0.793056 0.103125 0.117593
0 0.278906 0.866204 0.094271 0.149074
0 0.174479 0.925000 0.114583 0.092593
0 0.421875 0.882407 0.101042 0.118519