0 0.199740 0.454630 0.098437 0.272222
0 0.165625 0.607870 0.050000 0.237963
0 0.156510 0.803704 0.049479 0.200000
0 0.168490 0.901389 0.090104 0.126852
0 0.341146 0.769907 0.129167 0.258333
0 0.470573 0.893519 0.168229 0.157407
0 0.524219 0.931481 0.153646 0.114815
0 0.615625 0.854167 0.137500 0.100926
0 0.629167 0.904630 0.100000 0.081481
0 0.725260 0.840278 0.063021 0.071296
0 0.760156 0.769907 0.031771 0.110185
0 0.774740 0.773611 0.031771 0.082407
0 0.780469 0.678704 0.025521 0.116667
0 0.777083 0.566667 0.031250 0.138889
0 0.786458 0.449537 0.035417 0.125000
0 0.778385 0.335648 0.035937 0.130556
0 0.744531 0.419907 0.046354 0.150926
0 0.726042 0.280556 0.058333 0.114815
0 0.634896 0.382870 0.096875 0.117593
0 0.578385 0.513426 0.068229 0.234259
0 0.618750 0.518981 0.056250 0.200926
0 0.605990 0.699074 0.085938 0.225926
0 0.596094 0.169444 0.102604 0.098148
0 0.544010 0.153704 0.109896 0.122222
0 0.416667 0.093056 0.143750 0.099074
0 0.283854 0.187963 0.153125 0.155556
0 0.172135 0.117593 0.082812 0.185185