0 0.245573 0.143981 0.103646 0.112037
0 0.179167 0.208333 0.035417 0.168519
0 0.216667 0.208796 0.062500 0.163889
0 0.303646 0.151389 0.100000 0.141667
0 0.313281 0.225000 0.134896 0.079630
0 0.288021 0.294444 0.127083 0.103704
0 0.227083 0.358333 0.096875 0.205556
0 0.188802 0.433333 0.065104 0.231481
0 0.193490 0.622222 0.057813 0.216667
0 0.243229 0.652315 0.081250 0.256481
0 0.195312 0.866667 0.064583 0.190741
0 0.223177 0.898148 0.051562 0.190741
0 0.339062 0.900463 0.116667 0.176852
0 0.439323 0.913889 0.151562 0.118519
0 0.467969 0.814352 0.139063 0.121296
0 0.624740 0.919907 0.108854 0.078704
0 0.694271 0.834722 0.058333 0.152778
0 0.759635 0.730093 0.066146 0.110185
0 0.788021 0.785648 0.041667 0.112037
0 0.809896 0.253704 0.047917 0.062963
0 0.466146 0.949537 0.152083 0.099074