0 0.190885 0.450000 0.058854 0.311111
0 0.154948 0.487037 0.036979 0.259259
0 0.180469 0.700926 0.076563 0.259259
0 0.179948 0.902778 0.090104 0.157407
0 0.274479 0.928704 0.115625 0.140741
0 0.356250 0.777315 0.084375 0.265741
0 0.401823 0.927315 0.179688 0.137963
0 0.536719 0.945370 0.124479 0.107407
0 0.623437 0.902778 0.100000 0.129630
0 0.696875 0.816667 0.088542 0.088889
0 0.770573 0.780556 0.050521 0.098148
0 0.688281 0.675926 0.063021 0.177778
0 0.715365 0.618519 0.054688 0.153704
0 0.765104 0.583333 0.039583 0.138889
0 0.778646 0.688426 0.034375 0.102778
0 0.773438 0.524074 0.048958 0.112963
0 0.775781 0.424074 0.043229 0.085185
0 0.783333 0.300463 0.040625 0.095370
0 0.720052 0.266204 0.063021 0.095370
0 0.690365 0.221296 0.090104 0.090741
0 0.605990 0.560185 0.099479 0.237037
0 0.614062 0.456481 0.112500 0.096296
0 0.573438 0.386574 0.154167 0.095370
0 0.557292 0.150463 0.118750 0.113889
0 0.396354 0.119444 0.161458 0.162963
0 0.183073 0.136111 0.123438 0.137037
0 0.717708 0.762963 0.068750 0.077778