0 0.170052 0.167130 0.052604 0.175000
0 0.214062 0.199074 0.103125 0.133333
0 0.298698 0.186111 0.141146 0.159259
0 0.184375 0.411574 0.083333 0.097222
0 0.186458 0.666204 0.128125 0.169444
0 0.147135 0.885648 0.064062 0.173148
0 0.330990 0.764815 0.110937 0.246296
0 0.413021 0.849074 0.143750 0.168519
0 0.470833 0.907407 0.168750 0.122222
0 0.528125 0.926389 0.142708 0.117593
0 0.632552 0.880556 0.103646 0.131481
0 0.541406 0.150926 0.110937 0.118519
0 0.592969 0.167593 0.100521 0.094444
0 0.675000 0.181019 0.084375 0.117593
0 0.717708 0.246759 0.064583 0.117593
0 0.736719 0.269907 0.046354 0.117593
0 0.752604 0.409259 0.030208 0.157407
0 0.779427 0.338426 0.026562 0.136111
0 0.778646 0.557407 0.035417 0.148148
0 0.779948 0.668519 0.031771 0.140741
0 0.578385 0.505093 0.061979 0.243519
0 0.630208 0.493981 0.045833 0.230556
0 0.603125 0.703704 0.091667 0.227778
0 0.724740 0.811111 0.090104 0.050000
0 0.723698 0.852315 0.060937 0.049074
0 0.761719 0.768519 0.031771 0.087037
0 0.777344 0.784722 0.029687 0.089815