0 0.641406 0.380093 0.078646 0.186111
0 0.634375 0.731019 0.078125 0.184259
0 0.678125 0.790278 0.042708 0.134259
0 0.718229 0.833796 0.056250 0.119444
0 0.733594 0.842130 0.036979 0.104630
0 0.807292 0.304630 0.036458 0.092593
0 0.771094 0.772222 0.064062 0.075926
0 0.793750 0.783796 0.038542 0.058333
0 0.568750 0.897685 0.101042 0.186111
0 0.656771 0.875000 0.087500 0.109259
0 0.440885 0.956019 0.169271 0.086111
0 0.194792 0.240741 0.069792 0.220370
0 0.168750 0.897222 0.061458 0.122222
0 0.225521 0.898148 0.065625 0.179630
0 0.276823 0.918981 0.096354 0.154630
0 0.275000 0.112963 0.072917 0.185185
0 0.441667 0.070370 0.154167 0.088889
0 0.595052 0.140278 0.075521 0.091667
0 0.650000 0.162500 0.066667 0.139815