0 0.166406 0.168519 0.050521 0.225926
0 0.286458 0.188889 0.157292 0.144444
0 0.305469 0.073611 0.173437 0.078704
0 0.418750 0.075926 0.139583 0.070370
0 0.494010 0.125463 0.086979 0.175000
0 0.547656 0.152778 0.098437 0.111111
0 0.594271 0.165741 0.102083 0.098148
0 0.732292 0.260185 0.062500 0.151852
0 0.777344 0.334259 0.032813 0.112963
0 0.744271 0.412037 0.042708 0.142593
0 0.780990 0.452315 0.033854 0.137963
0 0.778385 0.562963 0.035937 0.133333
0 0.782813 0.674537 0.033333 0.121296
0 0.758854 0.777778 0.034375 0.116667
0 0.771875 0.780093 0.033333 0.082407
0 0.717969 0.832870 0.070312 0.102778
0 0.636719 0.376389 0.095312 0.119444
0 0.582812 0.483333 0.082292 0.211111
0 0.624479 0.521296 0.056250 0.205556
0 0.494010 0.578241 0.147396 0.119444
0 0.585677 0.670833 0.074479 0.245370
0 0.153125 0.806019 0.050000 0.187963
0 0.340365 0.762037 0.125521 0.250000
0 0.175521 0.899537 0.101042 0.125000
0 0.481510 0.899537 0.175521 0.160185
0 0.533333 0.914815 0.140625 0.142593
0 0.632031 0.875463 0.101562 0.152778