0 0.439844 0.130556 0.092188 0.153704
0 0.553385 0.063889 0.144271 0.079630
0 0.210417 0.172222 0.067708 0.164815
0 0.225260 0.364352 0.064062 0.254630
0 0.229167 0.573148 0.071875 0.187037
0 0.247656 0.453241 0.046354 0.234259
0 0.290365 0.662500 0.060937 0.204630
0 0.206510 0.845833 0.053646 0.193519
0 0.275521 0.889352 0.105208 0.099074
0 0.391927 0.881481 0.127604 0.118519
0 0.492188 0.930556 0.137500 0.079630
0 0.602865 0.886111 0.116146 0.120370
0 0.673698 0.866667 0.100521 0.075926
0 0.559635 0.746296 0.133854 0.131481
0 0.359375 0.638426 0.066667 0.262037
0 0.334635 0.500000 0.096354 0.242593
0 0.289583 0.432407 0.075000 0.248148
0 0.346875 0.152315 0.103125 0.232407
0 0.423177 0.070833 0.116146 0.119444