0 0.249219 0.078704 0.099479 0.112963
0 0.295833 0.208796 0.162500 0.199074
0 0.415365 0.106944 0.117188 0.147222
0 0.545833 0.153704 0.115625 0.122222
0 0.592708 0.178704 0.105208 0.124074
0 0.667188 0.195370 0.081250 0.103704
0 0.682813 0.263889 0.090625 0.109259
0 0.734115 0.269907 0.063021 0.110185
0 0.780729 0.326852 0.033333 0.137037
0 0.779167 0.449537 0.032292 0.119444
0 0.780729 0.552778 0.036458 0.137037
0 0.783073 0.682407 0.031771 0.111111
0 0.768490 0.761111 0.046354 0.155556
0 0.714844 0.765278 0.074479 0.099074
0 0.708854 0.841667 0.073958 0.090741
0 0.517188 0.943056 0.156250 0.102778
0 0.359896 0.772685 0.088542 0.265741
0 0.255729 0.933796 0.123958 0.130556
0 0.194271 0.890741 0.071875 0.183333
0 0.155208 0.885648 0.063542 0.152778
0 0.169010 0.473611 0.067187 0.275000
0 0.509896 0.431481 0.123958 0.227778
0 0.617188 0.468981 0.106250 0.113889
0 0.714063 0.394907 0.080208 0.189815
0 0.747917 0.409722 0.042708 0.147222
0 0.403385 0.960185 0.175521 0.077778