0 0.340885 0.767130 0.143229 0.269444
0 0.171354 0.900000 0.091667 0.150000
0 0.154948 0.804630 0.052604 0.194444
0 0.283073 0.191204 0.159896 0.169444
0 0.169271 0.173611 0.066667 0.228704
0 0.457552 0.384259 0.190104 0.138889
0 0.496094 0.544907 0.139063 0.250926
0 0.614323 0.511574 0.075521 0.217593
0 0.587240 0.660185 0.090104 0.266667
0 0.696094 0.495833 0.068229 0.152778
0 0.478646 0.911574 0.170833 0.130556
0 0.695573 0.385648 0.091146 0.093519
0 0.631510 0.221759 0.097396 0.156481
0 0.537240 0.142593 0.132812 0.112963
0 0.591927 0.168056 0.109896 0.104630
0 0.727604 0.268056 0.052083 0.125000
0 0.747135 0.407407 0.046354 0.157407
0 0.779948 0.332870 0.036979 0.126852
0 0.781250 0.455093 0.035417 0.130556
0 0.777344 0.564352 0.042188 0.150926
0 0.779948 0.687500 0.041146 0.110185
0 0.754167 0.770833 0.045833 0.115741
0 0.772917 0.780093 0.038542 0.089815
0 0.534635 0.931019 0.132812 0.112037
0 0.595833 0.878704 0.064583 0.174074
0 0.643490 0.826389 0.089063 0.117593
0 0.632812 0.893981 0.105208 0.102778