0 0.195312 0.215278 0.072917 0.169444
0 0.201563 0.438889 0.063542 0.242593
0 0.207031 0.656481 0.072396 0.212963
0 0.198698 0.875926 0.055729 0.175926
0 0.303385 0.139352 0.127604 0.084259
0 0.388281 0.208333 0.077604 0.214815
0 0.413542 0.135185 0.126042 0.120370
0 0.458594 0.095370 0.131771 0.092593
0 0.570573 0.119444 0.111979 0.081481
0 0.632031 0.145833 0.093229 0.082407
0 0.620313 0.237963 0.087500 0.131481
0 0.691406 0.206481 0.076563 0.127778
0 0.753385 0.205093 0.063021 0.075000
0 0.806510 0.295833 0.025521 0.113889
0 0.821094 0.615741 0.025521 0.120370
0 0.821094 0.727315 0.027604 0.102778
0 0.737240 0.725000 0.059896 0.090741
0 0.734635 0.779630 0.056771 0.096296
0 0.678385 0.746759 0.073438 0.102778
0 0.678385 0.814815 0.077604 0.112963
0 0.469010 0.950926 0.150521 0.096296