0 0.257292 0.195833 0.104167 0.176852
0 0.196094 0.199074 0.047396 0.183333
0 0.220573 0.406481 0.063021 0.224074
0 0.260937 0.376852 0.082292 0.212963
0 0.338542 0.467593 0.137500 0.133333
0 0.299479 0.616667 0.088542 0.214815
0 0.227344 0.697222 0.097396 0.203704
0 0.232552 0.824537 0.060937 0.165741
0 0.347135 0.652778 0.095312 0.212963
0 0.368490 0.748148 0.128646 0.222222
0 0.423698 0.554630 0.059896 0.272222
0 0.430990 0.830093 0.114062 0.145370
0 0.400000 0.870833 0.103125 0.132407
0 0.518750 0.918519 0.156250 0.122222
0 0.672135 0.831019 0.097396 0.076852
0 0.809896 0.703241 0.063542 0.084259
0 0.805469 0.779630 0.063021 0.061111
0 0.547656 0.051389 0.150521 0.073148
0 0.604427 0.145833 0.152604 0.100926