0 0.802344 0.178241 0.056771 0.086111
0 0.569792 0.142130 0.107292 0.169444
0 0.492188 0.070370 0.156250 0.085185
0 0.364323 0.124537 0.144271 0.130556
0 0.251563 0.112963 0.069792 0.127778
0 0.204948 0.150926 0.056771 0.196296
0 0.219271 0.450926 0.054167 0.250000
0 0.508073 0.477778 0.144271 0.211111
0 0.550781 0.571759 0.130729 0.093519
0 0.471875 0.703241 0.065625 0.262037
0 0.562500 0.646759 0.130208 0.100926
0 0.635417 0.721296 0.137500 0.085185
0 0.416406 0.912037 0.133854 0.146296
0 0.530729 0.937500 0.147917 0.082407
0 0.674740 0.895833 0.129688 0.091667
0 0.747656 0.828241 0.077604 0.093519
0 0.846875 0.719444 0.038542 0.096296
0 0.811719 0.743519 0.047396 0.059259
0 0.815365 0.786111 0.056771 0.048148