0 0.589583 0.456019 0.104167 0.110185
0 0.498437 0.118056 0.119792 0.115741
0 0.367969 0.075000 0.118229 0.100000
0 0.301302 0.093056 0.117188 0.106481
0 0.187760 0.063426 0.101562 0.065741
0 0.132292 0.137037 0.040625 0.198148
0 0.105469 0.150926 0.026562 0.194444
0 0.199740 0.170833 0.125521 0.089815
0 0.206510 0.117130 0.123438 0.062037
0 0.216927 0.228241 0.128646 0.110185
0 0.226042 0.385648 0.109375 0.219444
0 0.155469 0.364352 0.081771 0.178704
0 0.136458 0.453704 0.077083 0.155556
0 0.122396 0.538889 0.066667 0.194444
0 0.102344 0.681481 0.025521 0.229630
0 0.126042 0.721296 0.045833 0.185185
0 0.166146 0.657870 0.046875 0.260185
0 0.195573 0.703241 0.052604 0.254630
0 0.228385 0.716204 0.082812 0.219444
0 0.136979 0.818981 0.076042 0.086111
0 0.147917 0.885185 0.094792 0.072222
0 0.189323 0.865278 0.106771 0.097222
0 0.186458 0.928704 0.123958 0.064815