0 0.805208 0.224537 0.023958 0.128704
0 0.808073 0.368519 0.029687 0.129630
0 0.796354 0.626852 0.044792 0.042593
0 0.812760 0.667130 0.042188 0.056481
0 0.468229 0.885185 0.148958 0.107407
0 0.561198 0.753704 0.101562 0.174074
0 0.609375 0.732870 0.057292 0.187963
0 0.589844 0.863889 0.097396 0.079630
0 0.668490 0.807870 0.069271 0.117593
0 0.651823 0.089352 0.077604 0.123148
0 0.707292 0.085648 0.056250 0.049074
0 0.724479 0.146759 0.062500 0.073148
0 0.560156 0.056944 0.108854 0.097222
0 0.365365 0.058796 0.120313 0.112037
0 0.344531 0.157870 0.126562 0.160185
0 0.210677 0.061574 0.075521 0.117593
0 0.159375 0.158796 0.032292 0.187963
0 0.191406 0.212037 0.059896 0.187037
0 0.197917 0.438889 0.073958 0.235185
0 0.209115 0.801389 0.073438 0.219444