0 0.244271 0.141667 0.119792 0.107407
0 0.187500 0.199537 0.051042 0.173148
0 0.234635 0.264352 0.080729 0.200926
0 0.214844 0.355556 0.096354 0.181481
0 0.205469 0.522222 0.071354 0.211111
0 0.180208 0.700000 0.034375 0.188889
0 0.222656 0.722685 0.058854 0.241667
0 0.201042 0.882407 0.064583 0.166667
0 0.353385 0.953241 0.149479 0.091667
0 0.476823 0.951852 0.152604 0.092593
0 0.599479 0.932870 0.120833 0.102778
0 0.689063 0.934722 0.069792 0.067593
0 0.676302 0.748148 0.081771 0.179630
0 0.700781 0.833333 0.035937 0.155556
0 0.486719 0.322222 0.075521 0.244444
0 0.377083 0.157407 0.110417 0.170370
0 0.441927 0.172222 0.133854 0.161111
0 0.428646 0.101389 0.142708 0.113889
0 0.517448 0.101852 0.125521 0.092593
0 0.744531 0.194907 0.058854 0.060185
0 0.785156 0.228241 0.046354 0.069444
0 0.765104 0.821296 0.048958 0.101852