0 0.243750 0.181944 0.140625 0.102778
0 0.220312 0.293056 0.093750 0.206481
0 0.270833 0.342593 0.082292 0.218519
0 0.218750 0.402778 0.082292 0.174074
0 0.238802 0.661574 0.079687 0.226852
0 0.302865 0.582870 0.095312 0.178704
0 0.322656 0.548148 0.113021 0.188889
0 0.372135 0.449074 0.102604 0.162963
0 0.311198 0.347222 0.080729 0.185185
0 0.399219 0.498148 0.091146 0.166667
0 0.435937 0.612963 0.128125 0.124074
0 0.309115 0.737963 0.114062 0.185185
0 0.218750 0.850000 0.044792 0.129630
0 0.309115 0.900926 0.111979 0.164815
0 0.375000 0.906019 0.119792 0.128704
0 0.351302 0.822222 0.096354 0.137037
0 0.399219 0.760648 0.126562 0.104630
0 0.501823 0.888426 0.173437 0.112037
0 0.605990 0.712963 0.158854 0.077778