0 0.457031 0.067593 0.161979 0.114815
0 0.353385 0.108333 0.141146 0.088889
0 0.231510 0.110185 0.107813 0.096296
0 0.226042 0.194444 0.105208 0.120370
0 0.197135 0.300926 0.039062 0.218519
0 0.225260 0.318056 0.064062 0.208333
0 0.278385 0.272685 0.077604 0.215741
0 0.336198 0.243981 0.071354 0.219444
0 0.386979 0.339815 0.157292 0.164815
0 0.365625 0.441204 0.140625 0.119444
0 0.352865 0.509259 0.170313 0.161111
0 0.337760 0.588889 0.153646 0.194444
0 0.334635 0.715278 0.111979 0.202778
0 0.284635 0.725926 0.080729 0.220370
0 0.517448 0.929630 0.160938 0.092593
0 0.842187 0.697222 0.047917 0.107407
0 0.248177 0.894444 0.109896 0.124074
0 0.233073 0.698148 0.081771 0.268519
0 0.218229 0.770833 0.063542 0.176852