0 0.486458 0.046296 0.193750 0.070370
0 0.545573 0.093981 0.150521 0.080556
0 0.569792 0.175000 0.137500 0.131481
0 0.198177 0.179167 0.065104 0.213889
0 0.242448 0.174074 0.078646 0.181481
0 0.226042 0.386574 0.073958 0.228704
0 0.273177 0.516667 0.110937 0.188889
0 0.225521 0.602315 0.090625 0.230556
0 0.232031 0.829167 0.073438 0.178704
0 0.271354 0.787037 0.111458 0.192593
0 0.452604 0.623148 0.141667 0.240741
0 0.430729 0.660185 0.140625 0.183333
0 0.402604 0.712963 0.137500 0.140741
0 0.409375 0.810648 0.166667 0.110185
0 0.465885 0.866667 0.124479 0.172222
0 0.494531 0.917130 0.113021 0.134259
0 0.569271 0.898148 0.105208 0.124074
0 0.675521 0.869444 0.121875 0.083333
0 0.820573 0.762963 0.061979 0.055556