0 0.719010 0.102778 0.076563 0.094444
0 0.752344 0.150463 0.067187 0.106481
0 0.772135 0.195370 0.049479 0.122222
0 0.470833 0.079167 0.118750 0.141667
0 0.409375 0.032870 0.153125 0.065741
0 0.300260 0.175463 0.131771 0.195370
0 0.357292 0.336574 0.121875 0.167593
0 0.594792 0.801852 0.071875 0.190741
0 0.462240 0.901389 0.129688 0.089815
0 0.242708 0.885648 0.120833 0.106481
0 0.205469 0.796759 0.079687 0.169444
0 0.264844 0.695370 0.116146 0.183333
0 0.295312 0.495370 0.090625 0.205556
0 0.165625 0.150463 0.046875 0.189815
0 0.191146 0.288426 0.086458 0.134259
0 0.188281 0.375000 0.078646 0.142593
0 0.281771 0.379167 0.123958 0.134259
0 0.177604 0.497222 0.057292 0.205556
0 0.214844 0.597685 0.056771 0.239815
0 0.246875 0.507407 0.073958 0.220370