0 0.812240 0.688426 0.033854 0.075000
0 0.775000 0.681019 0.041667 0.104630
0 0.753385 0.716667 0.050521 0.100000
0 0.725000 0.644444 0.067708 0.098148
0 0.695833 0.704630 0.073958 0.151852
0 0.694010 0.815278 0.085938 0.078704
0 0.689583 0.575463 0.079167 0.175000
0 0.625781 0.664815 0.090104 0.179630
0 0.564323 0.733333 0.097396 0.196296
0 0.806250 0.170833 0.043750 0.082407
0 0.763281 0.178241 0.046354 0.097222
0 0.745833 0.101389 0.057292 0.075000
0 0.702344 0.118981 0.080729 0.062037
0 0.644010 0.075926 0.106771 0.085185
0 0.530208 0.046296 0.131250 0.087037
0 0.389844 0.030093 0.122396 0.054630
0 0.221094 0.060185 0.101562 0.114815
0 0.166146 0.233796 0.050000 0.202778
0 0.197917 0.678241 0.068750 0.175000
0 0.191146 0.844444 0.055208 0.212963