0 0.805990 0.772685 0.039062 0.086111
0 0.772135 0.773611 0.041146 0.065741
0 0.694010 0.683333 0.054688 0.198148
0 0.591667 0.931019 0.120833 0.097222
0 0.426563 0.959259 0.166667 0.079630
0 0.263542 0.938426 0.096875 0.121296
0 0.207552 0.937500 0.066146 0.123148
0 0.192448 0.837500 0.047396 0.149074
0 0.226823 0.721759 0.102604 0.191667
0 0.198958 0.537963 0.078125 0.179630
0 0.199740 0.365278 0.058854 0.210185
0 0.187240 0.200000 0.044271 0.151852
0 0.277604 0.410185 0.104167 0.101852
0 0.481250 0.215278 0.092708 0.191667
0 0.439583 0.156019 0.152083 0.125000
0 0.572135 0.111574 0.116146 0.069444
0 0.730990 0.379630 0.048438 0.166667
0 0.811979 0.295370 0.025000 0.120370
0 0.753385 0.210648 0.064062 0.060185
0 0.777865 0.240741 0.057813 0.092593
0 0.450781 0.079630 0.142187 0.061111