0 0.642448 0.211574 0.058854 0.108333
0 0.731510 0.351852 0.045312 0.112963
0 0.703906 0.603241 0.057813 0.100926
0 0.716927 0.768519 0.050521 0.120370
0 0.744531 0.743056 0.029687 0.102778
0 0.669010 0.816667 0.069271 0.129630
0 0.423698 0.925463 0.088021 0.137963
0 0.409896 0.743981 0.122917 0.130556
0 0.361719 0.592130 0.136979 0.087963
0 0.387240 0.079167 0.119271 0.117593
0 0.327865 0.302315 0.130729 0.232407
0 0.308594 0.440741 0.091146 0.235185
0 0.251563 0.582407 0.120833 0.116667
0 0.225521 0.715741 0.119792 0.179630
0 0.310156 0.736111 0.046354 0.214815
0 0.178385 0.801389 0.118229 0.100926
0 0.115625 0.878704 0.048958 0.214815
0 0.170833 0.916667 0.104167 0.159259
0 0.228125 0.903241 0.126042 0.110185
0 0.339844 0.954630 0.138021 0.088889
0 0.116667 0.356944 0.055208 0.212037
0 0.137240 0.537037 0.075521 0.203704
0 0.176823 0.581019 0.078646 0.280556