0 0.166927 0.173148 0.064062 0.224074
0 0.285938 0.193981 0.157292 0.150926
0 0.153906 0.809259 0.051562 0.190741
0 0.167448 0.911111 0.092188 0.122222
0 0.342187 0.765278 0.129167 0.245370
0 0.424479 0.081944 0.157292 0.091667
0 0.541146 0.149074 0.116667 0.107407
0 0.592969 0.169444 0.102604 0.087037
0 0.496875 0.541667 0.139583 0.246296
0 0.584896 0.667593 0.072917 0.259259
0 0.589063 0.478241 0.067708 0.221296
0 0.635938 0.378704 0.086458 0.111111
0 0.625521 0.522685 0.046875 0.206481
0 0.725521 0.267130 0.045833 0.106481
0 0.749479 0.333333 0.075000 0.061111
0 0.780729 0.335185 0.029167 0.137037
0 0.743490 0.414352 0.044271 0.145370
0 0.777604 0.564352 0.032292 0.150926
0 0.781771 0.678704 0.037500 0.112963
0 0.723958 0.714352 0.063542 0.119444
0 0.758594 0.772222 0.033854 0.109259
0 0.775260 0.781481 0.028646 0.088889
0 0.717969 0.811574 0.064062 0.093519
0 0.726823 0.839352 0.059896 0.069444
0 0.634115 0.874074 0.092188 0.144444
0 0.480729 0.912963 0.159375 0.124074
0 0.528646 0.917130 0.139583 0.143519