0 0.336198 0.095370 0.159896 0.098148
0 0.269531 0.123611 0.117188 0.108333
0 0.265104 0.171296 0.126042 0.092593
0 0.407552 0.264815 0.133854 0.168519
0 0.224740 0.210648 0.084896 0.125000
0 0.202083 0.323148 0.053125 0.218519
0 0.243490 0.322685 0.078646 0.206481
0 0.303646 0.295370 0.085417 0.207407
0 0.384375 0.361574 0.158333 0.137963
0 0.354427 0.500926 0.147396 0.248148
0 0.326562 0.548148 0.118750 0.244444
0 0.228385 0.486574 0.060937 0.210185
0 0.295312 0.588889 0.108333 0.235185
0 0.254167 0.636111 0.092708 0.116667
0 0.284896 0.744444 0.105208 0.172222
0 0.225260 0.701389 0.083854 0.223148
0 0.222656 0.765278 0.054688 0.197222
0 0.496354 0.924537 0.136458 0.130556
0 0.614323 0.899074 0.110937 0.083333