0 0.164844 0.759259 0.063021 0.250000
0 0.178646 0.502315 0.080208 0.249074
0 0.276562 0.441667 0.141667 0.277778
0 0.327865 0.411574 0.113021 0.286111
0 0.385677 0.396759 0.124479 0.278704
0 0.424219 0.320833 0.166146 0.210185
0 0.436458 0.213426 0.139583 0.221296
0 0.178906 0.185185 0.069271 0.229630
0 0.194531 0.206019 0.054688 0.228704
0 0.274219 0.112963 0.147396 0.118519
0 0.424479 0.100463 0.150000 0.121296
0 0.549479 0.118056 0.126042 0.089815
0 0.644271 0.166204 0.101042 0.119444
0 0.533333 0.221296 0.118750 0.157407
0 0.259375 0.246296 0.113542 0.203704
0 0.322656 0.215278 0.160938 0.154630
0 0.764844 0.312963 0.047396 0.101852
0 0.775000 0.349537 0.039583 0.121296
0 0.775260 0.474074 0.039062 0.137037
0 0.778646 0.564352 0.035417 0.137963
0 0.779427 0.666667 0.036979 0.109259
0 0.685156 0.828241 0.074479 0.084259
0 0.494010 0.774074 0.168229 0.148148
0 0.518490 0.865278 0.145313 0.080556
0 0.502604 0.909722 0.184375 0.099074
0 0.418490 0.943981 0.181771 0.110185