0 0.196615 0.121759 0.109896 0.139815
0 0.289062 0.178241 0.152083 0.160185
0 0.186719 0.299074 0.078646 0.233333
0 0.167448 0.504167 0.071354 0.275000
0 0.166406 0.716204 0.076563 0.258333
0 0.331510 0.775463 0.119271 0.256481
0 0.184375 0.899537 0.107292 0.149074
0 0.389062 0.909259 0.155208 0.170370
0 0.474740 0.917593 0.188021 0.129630
0 0.514583 0.936574 0.157292 0.125000
0 0.635156 0.897222 0.099479 0.112963
0 0.553906 0.800000 0.076563 0.192593
0 0.603125 0.700463 0.088542 0.245370
0 0.703125 0.843056 0.063542 0.180556
0 0.730729 0.808796 0.065625 0.175000
0 0.757292 0.767593 0.037500 0.103704
0 0.773698 0.780093 0.042188 0.089815
0 0.780469 0.681944 0.041146 0.132407
0 0.776042 0.561574 0.037500 0.152778
0 0.750521 0.401389 0.038542 0.154630
0 0.634635 0.502315 0.066146 0.232407
0 0.369271 0.391667 0.135417 0.233333
0 0.541667 0.148611 0.121875 0.137963
0 0.596615 0.183333 0.103646 0.138889
0 0.700260 0.232870 0.063021 0.125000
0 0.777865 0.339352 0.039062 0.143519