0 0.168490 0.173148 0.055729 0.218519
0 0.284896 0.193519 0.153125 0.155556
0 0.407292 0.133796 0.097917 0.208333
0 0.544010 0.157407 0.109896 0.120370
0 0.594531 0.169444 0.102604 0.096296
0 0.629167 0.220370 0.118750 0.087037
0 0.726562 0.265741 0.046875 0.111111
0 0.779167 0.339352 0.033333 0.137963
0 0.743229 0.416204 0.044792 0.149074
0 0.779427 0.566204 0.039062 0.139815
0 0.169271 0.597222 0.056250 0.207407
0 0.154688 0.806481 0.048958 0.187037
0 0.176563 0.909722 0.098958 0.132407
0 0.345573 0.764815 0.133854 0.246296
0 0.500521 0.543519 0.132292 0.253704
0 0.478385 0.916667 0.172396 0.131481
0 0.533333 0.917130 0.134375 0.150926
0 0.582812 0.677315 0.072917 0.267593
0 0.634635 0.878241 0.096354 0.130556
0 0.590885 0.472685 0.063021 0.225000
0 0.639583 0.383796 0.092708 0.106481
0 0.626042 0.518056 0.047917 0.202778
0 0.719010 0.801389 0.066146 0.113889
0 0.760417 0.768981 0.028125 0.104630
0 0.782813 0.678241 0.032292 0.117593
0 0.776302 0.775463 0.031771 0.084259
0 0.725000 0.833333 0.060417 0.092593