0 0.166667 0.477315 0.056250 0.323148
0 0.178646 0.707870 0.069792 0.271296
0 0.179167 0.893056 0.117708 0.145370
0 0.229687 0.924537 0.106250 0.143519
0 0.290104 0.941204 0.131250 0.115741
0 0.346354 0.758796 0.107292 0.269444
0 0.451823 0.912963 0.121354 0.172222
0 0.570312 0.900463 0.098958 0.175000
0 0.644271 0.915278 0.066667 0.145370
0 0.695573 0.812963 0.091146 0.092593
0 0.770312 0.781481 0.050000 0.098148
0 0.718229 0.756944 0.066667 0.080556
0 0.717708 0.676389 0.073958 0.126852
0 0.715365 0.605093 0.059896 0.110185
0 0.767969 0.590278 0.049479 0.137963
0 0.774479 0.692593 0.031250 0.085185
0 0.773438 0.527778 0.048958 0.118519
0 0.775521 0.427778 0.046875 0.090741
0 0.776823 0.293056 0.033854 0.102778
0 0.647396 0.640741 0.095833 0.179630
0 0.569271 0.656019 0.121875 0.239815
0 0.616667 0.497222 0.097917 0.209259
0 0.701562 0.293056 0.070833 0.134259
0 0.689583 0.207870 0.078125 0.099074
0 0.601562 0.169444 0.110417 0.101852
0 0.552083 0.148611 0.120833 0.128704
0 0.397135 0.123611 0.154688 0.163889