0 0.177865 0.221759 0.041146 0.187963
0 0.215365 0.241667 0.053646 0.216667
0 0.243750 0.183333 0.072917 0.196296
0 0.298177 0.204630 0.092188 0.218519
0 0.363281 0.181481 0.092188 0.201852
0 0.470833 0.216667 0.132292 0.107407
0 0.464583 0.141667 0.143750 0.090741
0 0.468490 0.112037 0.161979 0.111111
0 0.603385 0.139352 0.106771 0.106481
0 0.235677 0.522685 0.096354 0.260185
0 0.213542 0.648611 0.090625 0.197222
0 0.198698 0.768056 0.070312 0.187963
0 0.223177 0.846296 0.111979 0.166667
0 0.270313 0.867593 0.106250 0.181481
0 0.386719 0.843056 0.156771 0.158333
0 0.363021 0.903241 0.142708 0.102778
0 0.361198 0.962500 0.158854 0.071296
0 0.470833 0.958796 0.147917 0.080556
0 0.665365 0.699074 0.092188 0.194444
0 0.676042 0.882870 0.096875 0.121296
0 0.783073 0.798148 0.059896 0.072222