0 0.773698 0.153704 0.069271 0.120370
0 0.562240 0.476389 0.096354 0.252778
0 0.434635 0.544907 0.079687 0.287963
0 0.364323 0.309259 0.126562 0.185185
0 0.819271 0.735648 0.047917 0.097222
0 0.410677 0.915741 0.132812 0.142593
0 0.334635 0.902315 0.070312 0.163889
0 0.297917 0.885185 0.063542 0.162963
0 0.267969 0.846759 0.052604 0.189815
0 0.242448 0.892130 0.046354 0.134259
0 0.214323 0.887500 0.059896 0.139815
0 0.228906 0.253704 0.077604 0.179630
0 0.378385 0.093519 0.056771 0.155556
0 0.334896 0.104167 0.053125 0.167593
0 0.298958 0.094907 0.043750 0.143519
0 0.275260 0.118981 0.054688 0.162037
0 0.245312 0.125926 0.045833 0.157407
0 0.223438 0.133333 0.055208 0.148148
0 0.184115 0.134722 0.035937 0.125000