0 0.322656 0.413889 0.099479 0.277778
0 0.274479 0.439815 0.121875 0.275926
0 0.497135 0.781944 0.160938 0.150926
0 0.783333 0.666667 0.041667 0.105556
0 0.195052 0.502778 0.060937 0.259259
0 0.174740 0.195833 0.060937 0.210185
0 0.174740 0.744444 0.068229 0.255556
0 0.196615 0.198611 0.045312 0.236111
0 0.272396 0.108333 0.121875 0.111111
0 0.257552 0.241667 0.103646 0.201852
0 0.342448 0.171759 0.078646 0.212037
0 0.375781 0.373148 0.139063 0.225926
0 0.417448 0.324537 0.161979 0.193519
0 0.415885 0.203704 0.106771 0.205556
0 0.454427 0.214352 0.102604 0.217593
0 0.428125 0.098148 0.134375 0.114815
0 0.554167 0.129167 0.123958 0.095370
0 0.535677 0.224074 0.115104 0.157407
0 0.630990 0.181481 0.076563 0.161111
0 0.713281 0.241667 0.066146 0.161111
0 0.508073 0.918056 0.188021 0.121296
0 0.429427 0.950926 0.177604 0.096296
0 0.765365 0.312037 0.039062 0.096296
0 0.779167 0.355556 0.038542 0.118519
0 0.777344 0.474074 0.036979 0.125926
0 0.779427 0.553241 0.030729 0.134259