0 0.173177 0.145833 0.076563 0.189815
0 0.207031 0.193519 0.098437 0.201852
0 0.231510 0.347222 0.108854 0.240741
0 0.165104 0.458333 0.052083 0.268519
0 0.175260 0.696759 0.082812 0.282407
0 0.179948 0.913426 0.106771 0.150926
0 0.295573 0.918056 0.159896 0.097222
0 0.343490 0.759259 0.109896 0.264815
0 0.624219 0.880093 0.098437 0.119444
0 0.700260 0.818056 0.080729 0.089815
0 0.717187 0.775926 0.064583 0.114815
0 0.776302 0.783333 0.049479 0.098148
0 0.707292 0.628704 0.076042 0.175926
0 0.636979 0.600000 0.098958 0.146296
0 0.535417 0.572222 0.130208 0.164815
0 0.610677 0.467130 0.104688 0.126852
0 0.640625 0.376852 0.126042 0.092593
0 0.779167 0.671759 0.036458 0.132407
0 0.779427 0.561574 0.045312 0.130556
0 0.773438 0.508796 0.047917 0.112037
0 0.769531 0.404167 0.052604 0.117593
0 0.782031 0.449074 0.025521 0.098148
0 0.786198 0.313889 0.038021 0.124074
0 0.723177 0.230093 0.071354 0.095370
0 0.602604 0.174537 0.104167 0.097222
0 0.553385 0.150000 0.129688 0.124074
0 0.373698 0.097222 0.153646 0.114815