0 0.740885 0.308796 0.039062 0.102778
0 0.708594 0.232407 0.045312 0.072222
0 0.674219 0.237963 0.061979 0.120370
0 0.734635 0.731944 0.030729 0.115741
0 0.722396 0.800000 0.022917 0.072222
0 0.694271 0.780093 0.047917 0.123148
0 0.658854 0.834259 0.068750 0.057407
0 0.594271 0.896759 0.101042 0.104630
0 0.552604 0.873148 0.080208 0.144444
0 0.578125 0.592130 0.097917 0.139815
0 0.486458 0.456944 0.080208 0.199074
0 0.478646 0.920370 0.106250 0.135185
0 0.354167 0.958796 0.155208 0.080556
0 0.432552 0.536574 0.114062 0.219444
0 0.347135 0.758796 0.131771 0.206481
0 0.260417 0.788889 0.110417 0.142593
0 0.330469 0.419444 0.095312 0.272222
0 0.147135 0.062963 0.093229 0.074074
0 0.126042 0.145833 0.070833 0.149074
0 0.121615 0.329630 0.056771 0.220370
0 0.111719 0.488889 0.044271 0.200000
0 0.119531 0.696759 0.059896 0.241667
0 0.152083 0.188889 0.066667 0.175926