0 0.173437 0.158796 0.063542 0.186111
0 0.211979 0.190278 0.095833 0.193519
0 0.227604 0.349537 0.113542 0.245370
0 0.162760 0.470833 0.061979 0.265741
0 0.177083 0.685648 0.084375 0.289815
0 0.186979 0.895833 0.066667 0.173148
0 0.218490 0.910185 0.079687 0.164815
0 0.304427 0.877315 0.142187 0.197222
0 0.354167 0.751852 0.113542 0.266667
0 0.523958 0.610185 0.139583 0.114815
0 0.628646 0.503704 0.088542 0.238889
0 0.644010 0.631944 0.102604 0.128704
0 0.716146 0.635185 0.059375 0.185185
0 0.715104 0.781019 0.063542 0.123148
0 0.697135 0.818056 0.091146 0.113889
0 0.627604 0.900463 0.122917 0.126852
0 0.776563 0.780556 0.054167 0.096296
0 0.779687 0.679167 0.039583 0.123148
0 0.776563 0.562963 0.050000 0.125926
0 0.775521 0.509259 0.047917 0.111111
0 0.781771 0.434259 0.029167 0.112963
0 0.769531 0.408333 0.045312 0.112963
0 0.775521 0.296296 0.056250 0.118519
0 0.739583 0.239815 0.067708 0.066667
0 0.601823 0.187037 0.110937 0.129630
0 0.553906 0.144444 0.125521 0.131481
0 0.375000 0.091667 0.142708 0.138889