0 0.169531 0.162500 0.043229 0.178704
0 0.428385 0.060648 0.125521 0.093519
0 0.543229 0.096759 0.104167 0.091667
0 0.613542 0.127315 0.097917 0.063889
0 0.659115 0.150000 0.072396 0.068519
0 0.729167 0.536111 0.050000 0.144444
0 0.802344 0.688426 0.027604 0.119444
0 0.791667 0.776389 0.034375 0.056481
0 0.721615 0.716667 0.061979 0.085185
0 0.689323 0.799074 0.089063 0.146296
0 0.667708 0.896296 0.086458 0.088889
0 0.468229 0.965278 0.164583 0.067593
0 0.167969 0.367130 0.036979 0.212037
0 0.165885 0.570370 0.043229 0.225926
0 0.249219 0.667130 0.107813 0.212037
0 0.164323 0.804630 0.043229 0.166667
0 0.241927 0.800926 0.073438 0.205556
0 0.324740 0.908333 0.149479 0.125926
0 0.202865 0.867130 0.073438 0.065741
0 0.197656 0.912037 0.119271 0.083333