0 0.543229 0.061111 0.153125 0.100000
0 0.450260 0.112037 0.110937 0.116667
0 0.414583 0.099074 0.156250 0.177778
0 0.201563 0.173148 0.052083 0.190741
0 0.272396 0.227315 0.096875 0.204630
0 0.248698 0.392130 0.066146 0.226852
0 0.217188 0.423611 0.056250 0.223148
0 0.225521 0.569907 0.068750 0.200926
0 0.258073 0.732870 0.129688 0.191667
0 0.229167 0.836111 0.063542 0.146296
0 0.392708 0.749074 0.121875 0.153704
0 0.357031 0.853704 0.146354 0.161111
0 0.455990 0.832407 0.061979 0.185185
0 0.496875 0.908796 0.139583 0.134259
0 0.608594 0.900000 0.097396 0.092593
0 0.364844 0.578241 0.146354 0.232407
0 0.325521 0.526852 0.098958 0.224074
0 0.297396 0.445833 0.092708 0.252778
0 0.396875 0.333796 0.157292 0.176852