0 0.173177 0.115278 0.064062 0.154630
0 0.289844 0.186574 0.152604 0.176852
0 0.199219 0.294444 0.088021 0.211111
0 0.171354 0.496759 0.075000 0.304630
0 0.161719 0.807870 0.081771 0.156481
0 0.182812 0.912037 0.107292 0.150000
0 0.332031 0.772685 0.121354 0.262037
0 0.397656 0.910185 0.147396 0.175926
0 0.477083 0.912963 0.160417 0.150000
0 0.527083 0.928704 0.147917 0.140741
0 0.634115 0.885185 0.107813 0.146296
0 0.578125 0.732870 0.063542 0.241667
0 0.602344 0.529630 0.081771 0.227778
0 0.633073 0.489815 0.051562 0.211111
0 0.729167 0.609722 0.070833 0.137963
0 0.707031 0.793519 0.077604 0.122222
0 0.723437 0.851389 0.064583 0.084259
0 0.756510 0.762500 0.048438 0.093519
0 0.771354 0.779167 0.043750 0.095370
0 0.782813 0.674074 0.031250 0.124074
0 0.776823 0.554630 0.032813 0.159259
0 0.768750 0.556019 0.058333 0.075000
0 0.742448 0.411111 0.050521 0.155556
0 0.777604 0.334259 0.035417 0.133333
0 0.710938 0.229167 0.101042 0.087963
0 0.594010 0.173611 0.106771 0.099074
0 0.542969 0.143519 0.123438 0.122222