0 0.192448 0.161574 0.058854 0.202778
0 0.359896 0.158333 0.073958 0.209259
0 0.242708 0.416204 0.085417 0.173148
0 0.226562 0.531944 0.064583 0.139815
0 0.279167 0.535648 0.076042 0.234259
0 0.236458 0.657870 0.046875 0.160185
0 0.207552 0.818519 0.048438 0.174074
0 0.264583 0.812963 0.065625 0.214815
0 0.271354 0.922685 0.101042 0.106481
0 0.342448 0.761111 0.109896 0.111111
0 0.319010 0.564815 0.067187 0.214815
0 0.420312 0.542130 0.141667 0.106481
0 0.377083 0.666667 0.097917 0.164815
0 0.473177 0.711111 0.109896 0.222222
0 0.470573 0.889352 0.147396 0.089815
0 0.491667 0.939815 0.138542 0.061111
0 0.718490 0.862963 0.085938 0.100000
0 0.826042 0.720833 0.041667 0.125000
0 0.558854 0.067593 0.139583 0.066667