0 0.496875 0.538426 0.137500 0.247222
0 0.342187 0.769907 0.131250 0.262037
0 0.170052 0.908333 0.089063 0.131481
0 0.154688 0.806944 0.045833 0.199074
0 0.169792 0.168519 0.058333 0.220370
0 0.284375 0.190278 0.154167 0.156481
0 0.306510 0.067593 0.151562 0.109259
0 0.432552 0.088889 0.147396 0.087037
0 0.540104 0.139815 0.113542 0.105556
0 0.595052 0.166204 0.107813 0.099074
0 0.633073 0.384259 0.099479 0.120370
0 0.619010 0.522685 0.061979 0.219444
0 0.742969 0.413426 0.045312 0.156481
0 0.733594 0.272685 0.055729 0.102778
0 0.753125 0.285185 0.054167 0.088889
0 0.778385 0.330093 0.035937 0.121296
0 0.780469 0.454630 0.033854 0.133333
0 0.779167 0.564352 0.041667 0.145370
0 0.778906 0.681944 0.038021 0.117593
0 0.756250 0.776852 0.043750 0.127778
0 0.776823 0.781944 0.029687 0.093519
0 0.707031 0.854630 0.066146 0.085185
0 0.632552 0.874537 0.094271 0.143519
0 0.586979 0.668519 0.073958 0.250000
0 0.551562 0.815741 0.093750 0.150000
0 0.478646 0.902315 0.169792 0.150926
0 0.528385 0.930093 0.150521 0.113889