0 0.213281 0.175000 0.075521 0.179630
0 0.222656 0.365278 0.065104 0.236111
0 0.230990 0.569907 0.073438 0.204630
0 0.220833 0.800926 0.048958 0.185185
0 0.273958 0.887963 0.106250 0.088889
0 0.397135 0.893056 0.142187 0.110185
0 0.244792 0.453704 0.045833 0.237037
0 0.288542 0.434259 0.070833 0.244444
0 0.328385 0.159259 0.122396 0.162963
0 0.424219 0.082407 0.135937 0.131481
0 0.556250 0.062963 0.138542 0.085185
0 0.464583 0.289815 0.084375 0.218519
0 0.443750 0.150463 0.126042 0.173148
0 0.336719 0.507407 0.094271 0.240741
0 0.297396 0.655556 0.080208 0.190741
0 0.376042 0.670833 0.108333 0.263889
0 0.498698 0.924537 0.131771 0.075000
0 0.603385 0.884259 0.113021 0.120370
0 0.671354 0.861574 0.098958 0.082407