0 0.500000 0.776389 0.152083 0.158333
0 0.431771 0.946296 0.187500 0.098148
0 0.504948 0.922685 0.172396 0.112037
0 0.180729 0.746759 0.082292 0.237963
0 0.711458 0.192593 0.090625 0.094444
0 0.769531 0.293056 0.040104 0.117593
0 0.784115 0.359259 0.028646 0.112963
0 0.776042 0.474537 0.037500 0.147222
0 0.779948 0.665278 0.042188 0.117593
0 0.176042 0.455556 0.070833 0.227778
0 0.280208 0.443519 0.134375 0.290741
0 0.322917 0.411574 0.106250 0.271296
0 0.372396 0.362500 0.151042 0.226852
0 0.421094 0.318056 0.165104 0.193519
0 0.408333 0.204167 0.147917 0.204630
0 0.439583 0.211574 0.126042 0.210185
0 0.535417 0.221759 0.110417 0.158333
0 0.425781 0.100463 0.132812 0.123148
0 0.546875 0.129167 0.129167 0.097222
0 0.171875 0.184722 0.055208 0.225000
0 0.195052 0.216667 0.043229 0.220370
0 0.257292 0.091204 0.100000 0.152778
0 0.242448 0.257870 0.083854 0.219444
0 0.271615 0.226852 0.084896 0.190741