0 0.760156 0.393981 0.054688 0.054630
0 0.766406 0.554167 0.052604 0.071296
0 0.750781 0.805093 0.059896 0.128704
0 0.799219 0.725926 0.026562 0.111111
0 0.162500 0.838889 0.046875 0.190741
0 0.290625 0.916204 0.111458 0.154630
0 0.410938 0.917130 0.155208 0.106481
0 0.437500 0.924074 0.154167 0.148148
0 0.221354 0.911111 0.058333 0.148148
0 0.171615 0.300463 0.045312 0.221296
0 0.189583 0.091204 0.063542 0.150926
0 0.248177 0.076852 0.098437 0.127778
0 0.311458 0.082870 0.137500 0.102778
0 0.643490 0.141204 0.078646 0.143519
0 0.700000 0.197685 0.070833 0.073148
0 0.738802 0.217130 0.040104 0.075000
0 0.750260 0.234722 0.049479 0.099074
0 0.767448 0.250000 0.039062 0.090741
0 0.794531 0.303241 0.028646 0.126852